0 0.23828125 0.21953125 0.06484375 0.071875
0 0.2390625 0.2296875 0.06328125 0.05546875
0 0.23671875 0.12734375 0.0234375 0.04921875
0 0.23046875 0.12890625 0.03046875 0.08203125
0 0.03046875 0.28671875 0.0546875 0.08125
0 0.071875 0.26953125 0.03125 0.06875
0 0.0140625 0.4328125 0.028125 0.115625
0 0.0265625 0.06015625 0.03671875 0.06015625
0 0.03359375 0.1953125 0.0453125 0.0609375
0 0.0609375 0.0984375 0.03046875 0.071875
0 0.084375 0.025 0.028125 0.03515625
0 0.1296875 0.02890625 0.075 0.0578125
0 0.03828125 0.8984375 0.05 0.0421875
0 0.02734375 0.83515625 0.0546875 0.07578125
0 0.015625 0.73984375 0.03125 0.09140625
0 0.03671875 0.64453125 0.06796875 0.07265625
0 0.065625 0.96796875 0.04765625 0.0640625
0 0.1296875 0.97109375 0.05546875 0.05703125
0 0.11953125 0.77421875 0.06875 0.12109375
0 0.2 0.5953125 0.071875 0.11953125
0 0.2 0.4734375 0.06171875 0.09375
0 0.20625 0.375 0.0453125 0.06015625
0 0.2875 0.7546875 0.0421875 0.06171875
0 0.30234375 0.66328125 0.0859375 0.08984375
0 0.21328125 0.71484375 0.0875 0.08125
0 0.22578125 0.84375 0.06640625 0.1359375
0 0.26171875 0.9703125 0.05234375 0.059375
0 0.334375 0.21953125 0.07890625 0.071875
0 0.41953125 0.21171875 0.08359375 0.065625
0 0.39921875 0.50625 0.04296875 0.10859375
0 0.325 0.4078125 0.02890625 0.06875
0 0.321875 0.528125 0.04453125 0.0609375
0 0.4265625 0.6484375 0.0609375 0.08359375
0 0.50390625 0.47109375 0.0515625 0.08984375
0 0.5015625 0.37109375 0.05 0.075
0 0.5078125 0.275 0.0609375 0.090625
0 0.4984375 0.165625 0.0421875 0.0984375
0 0.490625 0.06875 0.04765625 0.103125
0 0.56015625 0.16640625 0.0890625 0.05859375
0 0.66015625 0.18125 0.0953125 0.0703125
0 0.66640625 0.28984375 0.03984375 0.06484375
0 0.7390625 0.1015625 0.05625 0.1328125
0 0.759375 0.21953125 0.0546875 0.0859375
0 0.78203125 0.44921875 0.04765625 0.05546875
0 0.78203125 0.38984375 0.05234375 0.0609375
0 0.7828125 0.30859375 0.0625 0.09765625
0 0.58671875 0.63828125 0.08984375 0.08984375
0 0.5125 0.76875 0.05 0.1203125
0 0.51171875 0.6453125 0.0328125 0.08984375
0 0.5265625 0.90078125 0.078125 0.11953125
0 0.475 0.97109375 0.10078125 0.05703125
0 0.7796875 0.634375 0.1109375 0.1109375
0 0.78984375 0.7484375 0.05625 0.125
0 0.78203125 0.8890625 0.04765625 0.1203125
0 0.934375 0.02265625 0.1015625 0.03515625
0 0.9625 0.23359375 0.075 0.0953125
0 0.96875 0.1546875 0.0625 0.06796875
0 0.9859375 0.33125 0.0234375 0.09296875
0 0.9046875 0.440625 0.05390625 0.08828125
0 0.97734375 0.5765625 0.0453125 0.096875
0 0.98046875 0.815625 0.0390625 0.153125
0 0.98046875 0.69296875 0.0390625 0.0796875
0 0.89140625 0.9359375 0.0640625 0.115625
0 0.95078125 0.97109375 0.03359375 0.05703125
0 0.87734375 0.21875 0.08515625 0.0703125
0 0.875 0.30546875 0.028125 0.040625
0 0.6265625 0.8375 0.0390625 0.071875
0 0.6671875 0.63359375 0.03984375 0.1046875