0 0.74375 0.5359375 0.13359375 0.07421875
0 0.959375 0.6296875 0.0578125 0.03359375
0 0.896875 0.6421875 0.065625 0.04140625
0 0.8421875 0.65625 0.05 0.03515625
0 0.7828125 0.66484375 0.06796875 0.05390625
0 0.70546875 0.67578125 0.07578125 0.0328125
0 0.6546875 0.69140625 0.065625 0.0359375
0 0.6 0.70234375 0.06640625 0.04375
0 0.53984375 0.70078125 0.0640625 0.03515625
0 0.4625 0.70234375 0.07734375 0.0390625
0 0.3546875 0.775 0.07109375 0.0375
0 0.403125 0.8078125 0.065625 0.028125
0 0.33046875 0.72734375 0.05390625 0.028125
0 0.2546875 0.7203125 0.08359375 0.04296875
0 0.153125 0.72734375 0.065625 0.03359375
0 0.01953125 0.71484375 0.03828125 0.0265625
0 0.9484375 0.7421875 0.03671875 0.0390625
0 0.9203125 0.78125 0.05703125 0.0390625
0 0.8578125 0.8109375 0.059375 0.034375
0 0.80078125 0.82421875 0.07421875 0.03828125
0 0.7203125 0.84609375 0.065625 0.0359375
0 0.6296875 0.8765625 0.1171875 0.0515625
0 0.53125 0.89609375 0.1015625 0.0359375
0 0.45859375 0.90859375 0.06796875 0.046875
0 0.3515625 0.91328125 0.078125 0.04453125
0 0.2828125 0.92734375 0.05 0.04375
0 0.2265625 0.91640625 0.065625 0.03125
0 0.13984375 0.83203125 0.13203125 0.084375
0 0.0390625 0.834375 0.078125 0.08046875
0 0.084375 0.92265625 0.11171875 0.0484375
0 0.70859375 0.9859375 0.09140625 0.028125
0 0.94609375 0.44375 0.1078125 0.04375
0 0.828125 0.4375 0.12265625 0.0390625
0 0.734375 0.434375 0.0625 0.03828125
0 0.6546875 0.4359375 0.08828125 0.03984375
0 0.571875 0.4296875 0.06015625 0.03828125
0 0.61171875 0.43359375 0.01328125 0.00234375
0 0.59765625 0.371875 0.05390625 0.0234375
0 0.48359375 0.3953125 0.096875 0.03984375
0 0.4765625 0.4390625 0.1203125 0.046875
0 0.35859375 0.43046875 0.12890625 0.053125
0 0.259375 0.42734375 0.05234375 0.04375
0 0.19765625 0.43984375 0.06953125 0.04609375
0 0.11640625 0.4453125 0.09453125 0.04140625
0 0.57265625 0.296875 0.05390625 0.03125
0 0.7203125 0.27421875 0.065625 0.03125
0 0.653125 0.2359375 0.0921875 0.04140625
0 0.53984375 0.22421875 0.10625 0.040625
0 0.4046875 0.20859375 0.1109375 0.05625
0 0.3109375 0.2140625 0.08515625 0.0375
0 0.21796875 0.2203125 0.10234375 0.034375
0 0.13046875 0.22421875 0.05234375 0.04375
0 0.79375 0.096875 0.06171875 0.034375
0 0.7328125 0.07578125 0.0578125 0.0390625
0 0.7546875 0.03046875 0.0453125 0.02890625
0 0.83671875 0.0171875 0.05 0.034375
0 0.87578125 0.0328125 0.03203125 0.01953125
0 0.1203125 0.38046875 0.040625 0.0203125
0 0.68203125 0.07890625 0.03671875 0.021875
0 0.64453125 0.06328125 0.03359375 0.03359375
0 0.59375 0.05 0.05390625 0.03828125
0 0.53984375 0.04609375 0.06484375 0.03515625
0 0.47109375 0.0421875 0.06796875 0.03984375
0 0.4 0.03359375 0.05234375 0.04140625
0 0.334375 0.040625 0.078125 0.04296875
0 0.25703125 0.0296875 0.08359375 0.04453125
0 0.16953125 0.0453125 0.0671875 0.034375
0 0.12109375 0.05 0.0359375 0.02734375