plants 0.19296875 0.97265625 0.03515625 0.02890625
plants 0.11796875 0.9484375 0.053125 0.05234375
plants 0.1578125 0.92578125 0.02578125 0.01953125
plants 0.21875 0.91875 0.05078125 0.0421875
plants 0.28359375 0.98515625 0.0390625 0.021875
plants 0.271875 0.89921875 0.0484375 0.034375
plants 0.24765625 0.8578125 0.046875 0.03515625
plants 0.19140625 0.8328125 0.04375 0.02265625
plants 0.153125 0.86328125 0.0421875 0.01796875
plants 0.146875 0.89609375 0.0359375 0.03046875
plants 0.21171875 0.77265625 0.05078125 0.0515625
plants 0.23828125 0.81640625 0.03671875 0.02421875
plants 0.275 0.8015625 0.04609375 0.04453125
plants 0.01328125 0.81640625 0.02578125 0.0328125
plants 0.021875 0.74140625 0.04375 0.0359375
plants 0.01484375 0.7015625 0.02890625 0.03125
plants 0.021875 0.6546875 0.04375 0.04453125
plants 0.10703125 0.66875 0.046875 0.0296875
plants 0.30234375 0.68203125 0.090625 0.05859375
plants 0.290625 0.7390625 0.08203125 0.0578125
plants 0.45703125 0.78515625 0.084375 0.0421875
plants 0.5046875 0.74765625 0.07109375 0.034375
plants 0.52578125 0.7296875 0.053125 0.01953125
plants 0.41171875 0.728125 0.05859375 0.03359375
plants 0.45 0.68984375 0.0625 0.03828125
plants 0.55390625 0.67265625 0.03125 0.03515625
plants 0.5234375 0.6875 0.03046875 0.015625
plants 0.5953125 0.67734375 0.03671875 0.0265625
plants 0.596875 0.6515625 0.04140625 0.01796875
plants 0.534375 0.621875 0.02578125 0.04375
plants 0.56640625 0.628125 0.03359375 0.01328125
plants 0.56328125 0.61171875 0.025 0.0125
plants 0.60859375 0.60625 0.04609375 0.01484375
plants 0.6359375 0.58125 0.06484375 0.0390625
plants 0.55859375 0.5640625 0.07890625 0.04375
plants 0.48828125 0.59609375 0.06484375 0.05625
plants 0.3734375 0.55390625 0.09296875 0.03046875
plants 0.36328125 0.59453125 0.07265625 0.0515625
plants 0.81640625 0.83359375 0.040625 0.0234375
plants 0.80234375 0.8125 0.03046875 0.0140625
plants 0.93125 0.75 0.03671875 0.03984375
plants 0.9171875 0.63984375 0.0375 0.0234375
plants 0.7765625 0.4953125 0.034375 0.02265625
plants 0.65703125 0.5203125 0.06328125 0.03046875
plants 0.5765625 0.51875 0.06171875 0.03203125
plants 0.6171875 0.465625 0.12109375 0.05625
plants 0.57890625 0.42109375 0.04921875 0.0234375
plants 0.51640625 0.41015625 0.05390625 0.0203125
plants 0.446875 0.43671875 0.0609375 0.025
plants 0.421875 0.4765625 0.046875 0.0375
plants 0.4921875 0.465625 0.06953125 0.02421875
plants 0.51796875 0.43515625 0.04609375 0.01640625
plants 0.2359375 0.4453125 0.0859375 0.05546875
plants 0.3171875 0.37421875 0.10234375 0.04609375
plants 0.3125 0.34140625 0.05390625 0.02421875
plants 0.39765625 0.32734375 0.1015625 0.04453125
plants 0.37265625 0.284375 0.07109375 0.03125
plants 0.43828125 0.221875 0.0734375 0.04453125
plants 0.53125 0.209375 0.0515625 0.025
plants 0.559375 0.28046875 0.07421875 0.0265625
plants 0.53046875 0.31328125 0.08046875 0.03828125
plants 0.50546875 0.3484375 0.07578125 0.03359375
plants 0.56640625 0.23828125 0.0421875 0.02265625
plants 0.5796875 0.21015625 0.04609375 0.03203125
plants 0.59609375 0.184375 0.03515625 0.01640625
plants 0.603125 0.153125 0.04453125 0.02734375
plants 0.63203125 0.1125 0.04765625 0.04140625
plants 0.74453125 0.10859375 0.053125 0.03203125
plants 0.79453125 0.1109375 0.02578125 0.02890625
plants 0.5828125 0.05625 0.1109375 0.03828125
plants 0.45859375 0.0296875 0.084375 0.04453125
plants 0.6734375 0.01953125 0.05703125 0.02265625
plants 0.66953125 0.06328125 0.0734375 0.05546875
plants 0.671875 0.10390625 0.04765625 0.03671875
plants 0.7203125 0.1515625 0.04296875 0.01953125
plants 0.878125 0.01796875 0.03125 0.0359375
plants 0.81875 0.01171875 0.0375 0.02265625
plants 0.76328125 0.05703125 0.0390625 0.02890625
plants 0.77578125 0.0875 0.04921875 0.01328125
plants 0.16484375 0.01171875 0.0796875 0.0234375
plants 0.11875 0.203125 0.0375 0.0203125
plants 0.1515625 0.25859375 0.05859375 0.034375
plants 0.23125 0.240625 0.09609375 0.040625
plants 0.1546875 0.3921875 0.0984375 0.034375
plants 0.0859375 0.434375 0.0703125 0.03046875
plants 0.02421875 0.44921875 0.0484375 0.06015625
plants 0.03046875 0.5265625 0.0484375 0.02265625
plants 0.05703125 0.50234375 0.078125 0.03046875
plants 0.48984375 0.984375 0.0578125 0.0296875
plants 0.540625 0.95234375 0.06484375 0.0359375
plants 0.55390625 0.89140625 0.05546875 0.05078125
plants 0.859375 0.84921875 0.040625 0.040625
plants 0.803125 0.86796875 0.0375 0.02109375
plants 0.7734375 0.896875 0.0671875 0.04453125
plants 0.72109375 0.9421875 0.0359375 0.0171875
plants 0.7265625 0.43203125 0.05703125 0.0265625
plants 0.77890625 0.45078125 0.04609375 0.04453125
plants 0.8 0.41484375 0.053125 0.02265625
plants 0.81484375 0.38046875 0.04453125 0.0359375