0 0.6109375 0.30234375 0.07109375 0.03125
0 0.6328125 0.37734375 0.06015625 0.0296875
0 0.515625 0.39921875 0.0734375 0.04375
0 0.97265625 0.44765625 0.0546875 0.0421875
0 0.91328125 0.4421875 0.0640625 0.04375
0 0.8453125 0.44296875 0.0734375 0.04140625
0 0.77890625 0.44140625 0.07109375 0.04140625
0 0.68828125 0.43984375 0.078125 0.0375
0 0.60625 0.43359375 0.07109375 0.028125
0 0.515625 0.440625 0.10546875 0.0515625
0 0.39453125 0.44140625 0.13671875 0.05859375
0 0.28828125 0.43203125 0.065625 0.0375
0 0.17109375 0.44765625 0.17734375 0.0453125
0 0.015625 0.45546875 0.03046875 0.03046875
0 0.153125 0.3828125 0.0578125 0.03046875
0 0.7734375 0.54296875 0.13203125 0.08125
0 0.94296875 0.63125 0.08671875 0.05234375
0 0.8609375 0.6546875 0.065625 0.046875
0 0.7921875 0.6703125 0.06328125 0.05234375
0 0.73046875 0.67890625 0.05859375 0.03515625
0 0.6515625 0.69765625 0.11796875 0.04921875
0 0.578125 0.7109375 0.0453125 0.03671875
0 0.50703125 0.71171875 0.07109375 0.03203125
0 0.3703125 0.7390625 0.06328125 0.03359375
0 0.40703125 0.7796875 0.06015625 0.03203125
0 0.28359375 0.73046875 0.1 0.04609375
0 0.17578125 0.73671875 0.06875 0.0328125
0 0.04375 0.73046875 0.0578125 0.03515625
0 0.9421875 0.78046875 0.05703125 0.03828125
0 0.85234375 0.8140625 0.11953125 0.05
0 0.75546875 0.84609375 0.06796875 0.03359375
0 0.66328125 0.87578125 0.140625 0.053125
0 0.56171875 0.9015625 0.096875 0.0359375
0 0.49140625 0.9140625 0.07734375 0.0515625
0 0.3859375 0.9203125 0.084375 0.04296875
0 0.303125 0.93203125 0.078125 0.053125
0 0.25 0.92734375 0.05234375 0.03203125
0 0.16875 0.84296875 0.12421875 0.08828125
0 0.44375 0.815625 0.07265625 0.0296875
0 0.05703125 0.85078125 0.09296875 0.0921875
0 0.10390625 0.9296875 0.15703125 0.0625
0 0.7265625 0.9875 0.034375 0.025
0 0.75078125 0.27890625 0.06328125 0.03671875
0 0.678125 0.24453125 0.06015625 0.034375
0 0.58359375 0.23046875 0.115625 0.04296875
0 0.4484375 0.21171875 0.10859375 0.06015625
0 0.34453125 0.2140625 0.1 0.0390625
0 0.2578125 0.22109375 0.07578125 0.03984375
0 0.14921875 0.221875 0.06171875 0.0390625
0 0.13828125 0.04453125 0.06640625 0.0296875
0 0.1984375 0.03828125 0.046875 0.0421875
0 0.27265625 0.03359375 0.0984375 0.03984375
0 0.37265625 0.03671875 0.08828125 0.04453125
0 0.48046875 0.03828125 0.11640625 0.05703125
0 0.59453125 0.053125 0.11328125 0.0546875
0 0.678125 0.0703125 0.0515625 0.0390625
0 0.753125 0.0796875 0.07734375 0.0421875
0 0.78984375 0.0953125 0.05859375 0.034375
0 0.775 0.0359375 0.05546875 0.0359375
0 0.79375 0.00703125 0.046875 0.0140625
0 0.8640625 0.02265625 0.0734375 0.0390625