0 0.2328125 0.359375 0.10078125 0.13515625
0 0.4203125 0.56875 0.0484375 0.090625
0 0.66796875 0.8703125 0.090625 0.1140625
0 0.50078125 0.86484375 0.0328125 0.065625
0 0.5796875 0.92265625 0.04140625 0.08984375
0 0.39609375 0.978125 0.059375 0.04375
0 0.1609375 0.96328125 0.03515625 0.06484375
0 0.29375 0.9484375 0.06640625 0.071875
0 0.20859375 0.903125 0.09296875 0.078125
0 0.0890625 0.6671875 0.08828125 0.15703125
0 0.18125 0.6859375 0.04921875 0.06484375
0 0.1671875 0.60390625 0.02578125 0.05
0 0.0921875 0.35390625 0.08125 0.0671875
0 0.08046875 0.284375 0.04609375 0.03515625
0 0.03359375 0.10625 0.06640625 0.08984375
0 0.13671875 0.08984375 0.06953125 0.08203125
0 0.22109375 0.090625 0.084375 0.10703125
0 0.35390625 0.11875 0.08984375 0.096875
0 0.28984375 0.06875 0.0296875 0.07265625
0 0.44296875 0.11796875 0.03984375 0.06328125
0 0.509375 0.13359375 0.08125 0.09453125
0 0.6140625 0.14375 0.0734375 0.07421875
0 0.7 0.19921875 0.05078125 0.06796875
0 0.75625 0.26015625 0.04609375 0.0828125
0 0.8234375 0.2328125 0.04765625 0.08125
0 0.87734375 0.275 0.0453125 0.1171875
0 0.9203125 0.28984375 0.03203125 0.075
0 0.978125 0.32890625 0.04375 0.0984375
0 0.91015625 0.040625 0.075 0.06640625
0 0.975 0.08671875 0.0359375 0.08515625
0 0.95546875 0.721875 0.084375 0.08125
0 0.94140625 0.6234375 0.04375 0.084375
0 0.8578125 0.70859375 0.07109375 0.08828125
0 0.76953125 0.8515625 0.078125 0.15546875
0 0.96484375 0.97109375 0.0703125 0.05703125
0 0.96875 0.89921875 0.05703125 0.0703125
0 0.02421875 0.98046875 0.0453125 0.0390625
0 0.02734375 0.8078125 0.0546875 0.0609375
0 0.2421875 0.7359375 0.0359375 0.04921875
0 0.13359375 0.45546875 0.08203125 0.08125
0 0.04140625 0.440625 0.0390625 0.0515625
0 0.12578125 0.8703125 0.05 0.0546875