0 0.64609375 0.52734375 0.0875 0.053125
0 0.73984375 0.5171875 0.090625 0.046875
0 0.87109375 0.503125 0.084375 0.0375
0 0.9578125 0.496875 0.084375 0.0359375
0 0.8484375 0.4484375 0.0453125 0.03671875
0 0.53984375 0.528125 0.07265625 0.028125
0 0.50625 0.5078125 0.06640625 0.0203125
0 0.4546875 0.54140625 0.08671875 0.05625
0 0.33359375 0.5359375 0.04140625 0.0453125
0 0.375 0.5375 0.05703125 0.03359375
0 0.26015625 0.5390625 0.08359375 0.04609375
0 0.18515625 0.5359375 0.05546875 0.04375
0 0.38203125 0.73515625 0.1390625 0.0796875
0 0.92890625 0.6984375 0.06953125 0.025
0 0.8734375 0.7234375 0.05234375 0.03359375
0 0.95703125 0.7359375 0.02890625 0.03515625
0 0.7703125 0.7453125 0.059375 0.02890625
0 0.70625 0.7671875 0.05625 0.0390625
0 0.8171875 0.82578125 0.09453125 0.06796875
0 0.9328125 0.83828125 0.03359375 0.03515625
0 0.89375 0.86328125 0.05859375 0.0265625
0 0.84296875 0.87421875 0.05390625 0.028125
0 0.721875 0.85625 0.09140625 0.071875
0 0.5046875 0.81015625 0.09453125 0.06328125
0 0.5515625 0.85 0.07734375 0.03359375
0 0.76875 0.91484375 0.06796875 0.04609375
0 0.7078125 0.93828125 0.08359375 0.04375
0 0.61484375 0.9609375 0.0578125 0.03828125
0 0.6515625 0.94453125 0.04609375 0.028125
0 0.55234375 0.9671875 0.0625 0.05078125
0 0.4796875 0.98203125 0.0875 0.03515625
0 0.42265625 0.92734375 0.0890625 0.04453125
0 0.40546875 0.98671875 0.05625 0.025
0 0.2890625 0.9234375 0.125 0.07109375
0 0.3203125 0.9875 0.078125 0.025
0 0.34140625 0.82578125 0.0796875 0.05078125
0 0.25625 0.82109375 0.1015625 0.06484375
0 0.10234375 0.54453125 0.10390625 0.053125
0 0.021875 0.5515625 0.04375 0.053125
0 0.16953125 0.82265625 0.0859375 0.0546875
0 0.09765625 0.72109375 0.053125 0.040625
0 0.08984375 0.834375 0.08515625 0.04765625
0 0.02421875 0.8265625 0.04765625 0.0421875
0 0.10625 0.89765625 0.0625 0.04296875
0 0.13984375 0.9890625 0.17109375 0.021875
0 0.2046875 0.38984375 0.0484375 0.0234375
0 0.36640625 0.40859375 0.04765625 0.01640625
0 0.171875 0.3015625 0.06171875 0.0421875
0 0.2484375 0.29609375 0.08203125 0.06328125
0 0.36796875 0.28671875 0.13515625 0.0515625
0 0.4890625 0.2890625 0.0546875 0.034375
0 0.54921875 0.29296875 0.0484375 0.040625
0 0.60390625 0.2984375 0.05 0.0359375
0 0.66640625 0.30234375 0.06953125 0.034375
0 0.728125 0.3046875 0.0625 0.03203125
0 0.7671875 0.13515625 0.04765625 0.02578125
0 0.72734375 0.13125 0.03984375 0.0203125
0 0.68984375 0.11796875 0.0484375 0.034375
0 0.63125 0.11328125 0.04765625 0.03125
0 0.5734375 0.10625 0.0703125 0.03671875
0 0.49609375 0.096875 0.06796875 0.0359375
0 0.528125 0.07890625 0.015625 0.0140625
0 0.42578125 0.09453125 0.0734375 0.04296875
0 0.35859375 0.090625 0.07265625 0.046875
0 0.28671875 0.09765625 0.06953125 0.0453125
0 0.5 0.01328125 0.0453125 0.02578125
0 0.86015625 0.0375 0.0453125 0.03125
0 0.803125 0.01875 0.03828125 0.0328125
0 0.83125 0.02890625 0.01875 0.01484375
0 0.759375 0.01015625 0.0453125 0.01953125
0 0.21640625 0.103125 0.0734375 0.03125
0 0.0984375 0.1140625 0.01796875 0.01953125
0 0.1390625 0.1078125 0.0640625 0.03828125
0 0.109375 0.05703125 0.0296875 0.021875
0 0.1296875 0.009375 0.0375 0.01796875