0 0.01875 0.15234375 0.0375 0.0546875
0 0.0234375 0.04765625 0.046875 0.06484375
0 0.04609375 0.465625 0.0734375 0.11875
0 0.0734375 0.57734375 0.0671875 0.084375
0 0.12265625 0.7484375 0.0953125 0.11484375
0 0.11328125 0.65234375 0.084375 0.07734375
0 0.18671875 0.86015625 0.06015625 0.07890625
0 0.02890625 0.94921875 0.0578125 0.1015625
0 0.2671875 0.95625 0.15 0.0875
0 0.48046875 0.9734375 0.10625 0.053125
0 0.43125 0.90078125 0.06015625 0.05625
0 0.40703125 0.84296875 0.04296875 0.04140625
0 0.39375 0.76953125 0.0703125 0.07578125
0 0.36953125 0.69375 0.0609375 0.06484375
0 0.35078125 0.58828125 0.0546875 0.1046875
0 0.3234375 0.46015625 0.07578125 0.10859375
0 0.29765625 0.3203125 0.06171875 0.0953125
0 0.2671875 0.1640625 0.05234375 0.0875
0 0.26484375 0.0671875 0.0671875 0.10390625
0 0.453125 0.51171875 0.071875 0.1296875
0 0.73203125 0.96640625 0.0671875 0.06484375
0 0.709375 0.85859375 0.06484375 0.11171875
0 0.6703125 0.71015625 0.078125 0.1265625
0 0.82265625 0.8421875 0.08203125 0.153125
0 0.62265625 0.46953125 0.0609375 0.06875
0 0.60859375 0.39296875 0.08984375 0.0953125
0 0.59296875 0.2828125 0.06640625 0.13828125
0 0.56640625 0.15703125 0.0640625 0.13203125
0 0.52265625 0.05546875 0.0765625 0.06875
0 0.740625 0.02421875 0.053125 0.0484375
0 0.775 0.078125 0.06640625 0.0515625
0 0.80703125 0.14140625 0.053125 0.07109375
0 0.81953125 0.26171875 0.03515625 0.0453125
0 0.82109375 0.203125 0.0296875 0.04609375
0 0.84140625 0.31875 0.028125 0.05625
0 0.88359375 0.44921875 0.0546875 0.09453125
0 0.91484375 0.53984375 0.08515625 0.10078125
0 0.940625 0.64140625 0.04375 0.09609375
0 0.94453125 0.7953125 0.04765625 0.0453125
0 0.9453125 0.73671875 0.05234375 0.0390625
0 0.94296875 0.9546875 0.05625 0.090625
0 0.959375 0.86953125 0.034375 0.06015625
0 0.9859375 0.1875 0.028125 0.096875
0 0.96171875 0.09296875 0.05703125 0.08203125
0 0.91484375 0.03203125 0.0546875 0.05234375
0 0.64609375 0.55859375 0.04765625 0.075