0 0.01796875 0.68046875 0.0359375 0.06328125
0 0.0109375 0.32890625 0.02109375 0.0625
0 0.021875 0.25859375 0.0421875 0.05390625
0 0.05 0.19609375 0.0578125 0.07578125
0 0.090625 0.1140625 0.059375 0.06640625
0 0.1375 0.04296875 0.0296875 0.03359375
0 0.1765625 0.01015625 0.0421875 0.0203125
0 0.225 0.13046875 0.07421875 0.0953125
0 0.184375 0.26640625 0.040625 0.05234375
0 0.1765625 0.32265625 0.05 0.0578125
0 0.23515625 0.31796875 0.05546875 0.13828125
0 0.18515625 0.4953125 0.0640625 0.12734375
0 0.1828125 0.60078125 0.0515625 0.05703125
0 0.18046875 0.6921875 0.04921875 0.08828125
0 0.15859375 0.78828125 0.06015625 0.1078125
0 0.11171875 0.9265625 0.0890625 0.14609375
0 0.0375 0.98828125 0.0234375 0.02265625
0 0.36328125 0.95390625 0.0640625 0.0921875
0 0.37890625 0.85390625 0.0765625 0.09375
0 0.409375 0.7671875 0.0546875 0.0828125
0 0.44296875 0.69296875 0.06015625 0.06171875
0 0.46328125 0.62890625 0.05390625 0.0671875
0 0.47578125 0.5453125 0.06875 0.08125
0 0.51640625 0.45703125 0.04375 0.059375
0 0.5046875 0.403125 0.04453125 0.0484375
0 0.53203125 0.34140625 0.059375 0.115625
0 0.57109375 0.23515625 0.0546875 0.0828125
0 0.58828125 0.17265625 0.04921875 0.059375
0 0.52109375 0.07890625 0.05859375 0.10234375
0 0.59609375 0.103125 0.02890625 0.0453125
0 0.628125 0.0453125 0.04921875 0.07265625
0 0.68125 0.09765625 0.05625 0.07109375
0 0.73515625 0.1109375 0.040625 0.06796875
0 0.62890625 0.96015625 0.0578125 0.0796875
0 0.67109375 0.8671875 0.05625 0.08046875
0 0.7421875 0.86328125 0.065625 0.078125
0 0.7171875 0.76640625 0.08046875 0.09453125
0 0.78515625 0.628125 0.071875 0.1109375
0 0.8015625 0.5078125 0.06171875 0.12578125
0 0.8265625 0.378125 0.05234375 0.1140625
0 0.828125 0.284375 0.046875 0.053125
0 0.8546875 0.23359375 0.034375 0.06796875
0 0.87578125 0.1515625 0.0484375 0.05
0 0.88203125 0.0984375 0.0640625 0.05234375
0 0.88671875 0.03515625 0.046875 0.0703125
0 0.91171875 0.59296875 0.04453125 0.059375
0 0.98125 0.640625 0.0375 0.09609375
0 0.95234375 0.7421875 0.0609375 0.09140625
0 0.91640625 0.8640625 0.05703125 0.059375
0 0.93671875 0.81328125 0.03984375 0.040625
0 0.95859375 0.89609375 0.021875 0.040625
0 0.98515625 0.9625 0.0296875 0.06328125
0 0.94765625 0.22734375 0.04296875 0.0484375
0 0.59140625 0.45 0.05625 0.11171875
0 0.2875 0.03203125 0.0609375 0.0640625
0 0.31640625 0.11015625 0.04921875 0.0890625
0 0.3515625 0.03046875 0.05703125 0.05625
0 0.73359375 0.0125 0.034375 0.025
0 0.94296875 0.128125 0.03203125 0.0546875
0 0.99375 0.8 0.0125 0.0703125
0 0.84453125 0.92890625 0.04140625 0.0453125