0 0.0109375 0.20859375 0.021875 0.0859375
0 0.10703125 0.59765625 0.04765625 0.05546875
0 0.1875 0.59921875 0.03515625 0.1046875
0 0.26171875 0.5015625 0.078125 0.18828125
0 0.175 0.3609375 0.04140625 0.1
0 0.1828125 0.26171875 0.04765625 0.0828125
0 0.19609375 0.15390625 0.04296875 0.0703125
0 0.2015625 0.06171875 0.0625 0.109375
0 0.02109375 0.78125 0.0421875 0.071875
0 0.015625 0.69296875 0.03125 0.07265625
0 0.0375 0.8859375 0.0375 0.053125
0 0.0671875 0.9640625 0.0640625 0.06640625
0 0.09453125 0.85859375 0.02734375 0.040625
0 0.13828125 0.91328125 0.03125 0.05703125
0 0.17265625 0.971875 0.0453125 0.05625
0 0.246875 0.23359375 0.03984375 0.05859375
0 0.31953125 0.2078125 0.05546875 0.0625
0 0.29140625 0.1359375 0.05625 0.071875
0 0.29375 0.0390625 0.03984375 0.0625
0 0.38984375 0.13125 0.059375 0.11796875
0 0.26328125 0.36328125 0.0703125 0.05859375
0 0.4984375 0.053125 0.08203125 0.1046875
0 0.45859375 0.2671875 0.04921875 0.17265625
0 0.56484375 0.384375 0.0765625 0.1421875
0 0.47578125 0.61328125 0.0390625 0.11953125
0 0.48046875 0.49140625 0.0640625 0.0609375
0 0.49296875 0.409375 0.078125 0.0953125
0 0.3828125 0.640625 0.06953125 0.13671875
0 0.4828125 0.75546875 0.0421875 0.13984375
0 0.4890625 0.93984375 0.03984375 0.11953125
0 0.6265625 0.67421875 0.06015625 0.0875
0 0.746875 0.93671875 0.06015625 0.11796875
0 0.7515625 0.8171875 0.05 0.0828125
0 0.80546875 0.6671875 0.0421875 0.09375
0 0.77890625 0.56328125 0.06015625 0.08359375
0 0.7546875 0.453125 0.05625 0.08125
0 0.7375 0.34453125 0.053125 0.08125
0 0.815625 0.38125 0.046875 0.0765625
0 0.7328125 0.22890625 0.05859375 0.0859375
0 0.72265625 0.15234375 0.05859375 0.06796875
0 0.584375 0.125 0.04609375 0.10546875
0 0.63125 0.06015625 0.0265625 0.07265625
0 0.703125 0.0375 0.05703125 0.0609375
0 0.83828125 0.12578125 0.05859375 0.05546875
0 0.9296875 0.2953125 0.0625 0.07109375
0 0.90625 0.0625 0.05703125 0.10078125
0 0.94375 0.1828125 0.0453125 0.11484375
0 0.97734375 0.46484375 0.0453125 0.13671875
0 0.9796875 0.340625 0.0359375 0.1109375
0 0.97890625 0.671875 0.0421875 0.090625
0 0.9875 0.57578125 0.02421875 0.0625
0 0.9375 0.94453125 0.05703125 0.1109375
0 0.96015625 0.85234375 0.0546875 0.07890625
0 0.98125 0.7734375 0.0375 0.04140625
0 0.2546875 0.78984375 0.04296875 0.0640625
0 0.31640625 0.96875 0.06171875 0.06171875