0 0.23984375 0.58046875 0.05625 0.05546875
0 0.1109375 0.98125 0.04296875 0.03671875
0 0.153125 0.953125 0.05234375 0.0515625
0 0.14765625 0.8953125 0.05390625 0.05546875
0 0.10703125 0.82890625 0.05859375 0.07265625
0 0.15859375 0.7984375 0.02109375 0.0296875
0 0.08671875 0.74921875 0.078125 0.07265625
0 0.08984375 0.659375 0.0484375 0.06875
0 0.0703125 0.55703125 0.0578125 0.078125
0 0.0796875 0.46875 0.0546875 0.08125
0 0.0921875 0.3171875 0.04765625 0.084375
0 0.09296875 0.2296875 0.04296875 0.07109375
0 0.0140625 0.2453125 0.028125 0.0375
0 0.10390625 0.17578125 0.0328125 0.03203125
0 0.1125 0.09765625 0.0359375 0.0390625
0 0.1484375 0.0328125 0.0421875 0.065625
0 0.2578125 0.94765625 0.0296875 0.0609375
0 0.3734375 0.9796875 0.046875 0.040625
0 0.38828125 0.93984375 0.04453125 0.040625
0 0.371875 0.82109375 0.06171875 0.1203125
0 0.36640625 0.6953125 0.06171875 0.1140625
0 0.34765625 0.59140625 0.05703125 0.065625
0 0.34453125 0.46875 0.07890625 0.1609375
0 0.3515625 0.2390625 0.07265625 0.159375
0 0.35703125 0.09921875 0.059375 0.10234375
0 0.28515625 0.23203125 0.0328125 0.046875
0 0.640625 0.98125 0.0453125 0.0375
0 0.659375 0.88671875 0.05234375 0.09609375
0 0.665625 0.78125 0.078125 0.12578125
0 0.65859375 0.6515625 0.05234375 0.0828125
0 0.65859375 0.55859375 0.05625 0.0953125
0 0.66015625 0.46171875 0.06640625 0.08828125
0 0.63046875 0.33828125 0.07421875 0.140625
0 0.6265625 0.21796875 0.0421875 0.08203125
0 0.61640625 0.121875 0.05859375 0.1046875
0 0.60859375 0.01953125 0.0359375 0.03828125
0 0.8328125 0.0328125 0.03984375 0.04609375
0 0.88359375 0.2078125 0.053125 0.0640625
0 0.93046875 0.1640625 0.034375 0.04921875
0 0.91484375 0.41953125 0.0421875 0.084375
0 0.9109375 0.34140625 0.04140625 0.040625
0 0.9125 0.29765625 0.05625 0.05
0 0.96640625 0.35625 0.0515625 0.0640625
0 0.915625 0.521875 0.03828125 0.08671875
0 0.92578125 0.60703125 0.0609375 0.084375
0 0.91875 0.69765625 0.05625 0.0953125
0 0.9015625 0.81640625 0.05 0.0703125
0 0.9171875 0.76328125 0.046875 0.040625
0 0.87109375 0.97109375 0.0375 0.05078125
0 0.89375 0.925 0.034375 0.03671875
0 0.896875 0.87890625 0.034375 0.0359375
0 0.95625 0.978125 0.059375 0.04375
0 0.965625 0.90625 0.03984375 0.0609375