0 0.58671875 0.4640625 0.071875 0.04296875
0 0.41953125 0.496875 0.05625 0.02265625
0 0.33828125 0.5109375 0.03125 0.0171875
0 0.7125 0.45390625 0.04296875 0.0203125
0 0.63671875 0.4921875 0.04140625 0.015625
0 0.74375 0.4953125 0.053125 0.02421875
0 0.68046875 0.5359375 0.06875 0.01875
0 0.8265625 0.53671875 0.03203125 0.01640625
0 0.4953125 0.32890625 0.04765625 0.03671875
0 0.5578125 0.32578125 0.06796875 0.0328125
0 0.42421875 0.33984375 0.0453125 0.02109375
0 0.36328125 0.34296875 0.05625 0.0296875
0 0.3140625 0.353125 0.0359375 0.01953125
0 0.40859375 0.29375 0.03828125 0.015625
0 0.15859375 0.2390625 0.03671875 0.025
0 0.23046875 0.22578125 0.04609375 0.02890625
0 0.29921875 0.21015625 0.059375 0.0296875
0 0.36328125 0.2046875 0.04375 0.03125
0 0.4 0.20703125 0.021875 0.01953125
0 0.434375 0.20703125 0.0453125 0.02421875
0 0.5640625 0.19609375 0.03515625 0.02265625
0 0.615625 0.19765625 0.05234375 0.0203125
0 0.54296875 0.0890625 0.07890625 0.025
0 0.4765625 0.0890625 0.0515625 0.02890625
0 0.42890625 0.08984375 0.04765625 0.01953125
0 0.403125 0.0640625 0.0359375 0.0203125
0 0.3640625 0.09453125 0.08984375 0.0359375
0 0.2828125 0.09765625 0.0875 0.03984375
0 0.15 0.09140625 0.05625 0.03046875
0 0.17734375 0.1140625 0.08671875 0.03203125
0 0.1140625 0.12421875 0.03671875 0.01875
0 0.125 0.034375 0.0640625 0.0359375
0 0.1921875 0.01953125 0.03984375 0.021875
0 0.23046875 0.01796875 0.021875 0.02265625
0 0.27265625 0.01484375 0.05546875 0.0296875
0 0.35 0.01171875 0.06328125 0.0234375
0 0.4140625 0.009375 0.0421875 0.01875
0 0.47421875 0.0484375 0.04921875 0.0296875
0 0.471875 0.009375 0.0390625 0.01796875
0 0.51875 0.01171875 0.0546875 0.0234375
0 0.57109375 0.01484375 0.03046875 0.028125
0 0.6234375 0.059375 0.03828125 0.04765625
0 0.62265625 0.0171875 0.0765625 0.034375
0 0.69296875 0.0265625 0.06484375 0.028125
0 0.70625 0.05625 0.05859375 0.034375
0 0.69921875 0.10546875 0.04609375 0.03125
0 0.75625 0.11015625 0.04296875 0.02578125
0 0.82109375 0.12109375 0.06953125 0.03046875
0 0.78828125 0.04765625 0.0453125 0.02734375
0 0.84921875 0.06484375 0.0671875 0.02578125
0 0.8859375 0.02578125 0.0296875 0.01484375
0 0.8390625 0.01015625 0.071875 0.0203125
0 0.73515625 0.1671875 0.03515625 0.0203125
0 0.7828125 0.16796875 0.0515625 0.03125
0 0.67421875 0.19453125 0.04296875 0.025
0 0.71171875 0.196875 0.03671875 0.0234375
0 0.765625 0.2015625 0.04296875 0.02734375
0 0.69296875 0.228125 0.04453125 0.0234375
0 0.6234375 0.31953125 0.06328125 0.021875
0 0.684375 0.3140625 0.04921875 0.02578125
0 0.728125 0.3109375 0.025 0.01953125
0 0.76015625 0.31328125 0.02890625 0.0234375
0 0.7859375 0.37109375 0.0328125 0.01328125
0 0.87578125 0.3625 0.0234375 0.01484375
0 0.91953125 0.37890625 0.01875 0.021875
0 0.77421875 0.44609375 0.04921875 0.02578125
0 0.82421875 0.43671875 0.04453125 0.028125
0 0.86640625 0.43125 0.04765625 0.03046875
0 0.90390625 0.42109375 0.04609375 0.0265625
0 0.93984375 0.4140625 0.0375 0.0234375
0 0.9765625 0.41015625 0.04375 0.02578125
0 0.878125 0.46328125 0.04140625 0.021875
0 0.91171875 0.44140625 0.02734375 0.01328125
0 0.96796875 0.453125 0.0296875 0.02109375
0 0.7234375 0.60703125 0.05390625 0.0265625
0 0.62890625 0.6265625 0.04921875 0.025
0 0.7359375 0.66484375 0.059375 0.0421875
0 0.5171875 0.65625 0.06875 0.0328125
0 0.46015625 0.66328125 0.05390625 0.02421875
0 0.38046875 0.69140625 0.07734375 0.0328125
0 0.31875 0.69453125 0.0796875 0.0359375
0 0.259375 0.7109375 0.06328125 0.0234375
0 0.196875 0.71953125 0.0546875 0.0265625
0 0.1546875 0.7296875 0.04140625 0.03203125
0 0.3890625 0.7265625 0.0515625 0.01953125
0 0.39140625 0.74921875 0.0359375 0.021875
0 0.403125 0.790625 0.04921875 0.021875
0 0.396875 0.825 0.04140625 0.0171875
0 0.20859375 0.3703125 0.08359375 0.03203125
0 0.11015625 0.39140625 0.02890625 0.03046875
0 0.95 0.68125 0.05078125 0.025
0 0.9734375 0.66640625 0.03125 0.015625
0 0.91484375 0.696875 0.04921875 0.01875
0 0.88125 0.71171875 0.0390625 0.021875
0 0.84296875 0.7265625 0.046875 0.02109375
0 0.79765625 0.746875 0.06171875 0.0234375
0 0.76875 0.7625 0.05390625 0.02109375
0 0.7234375 0.7796875 0.06640625 0.0296875
0 0.68046875 0.790625 0.03125 0.0171875
0 0.65 0.7984375 0.03515625 0.0125
0 0.6109375 0.821875 0.053125 0.034375
0 0.5484375 0.83203125 0.05859375 0.0328125
0 0.48046875 0.8515625 0.05703125 0.02578125
0 0.43515625 0.8609375 0.06015625 0.02734375
0 0.41328125 0.9078125 0.0328125 0.0328125
0 0.55078125 0.92421875 0.04296875 0.03359375
0 0.60078125 0.96328125 0.06015625 0.0390625
0 0.50390625 0.98515625 0.096875 0.0296875
0 0.3609375 0.878125 0.0546875 0.025
0 0.321875 0.8875 0.0375 0.02421875
0 0.27109375 0.89296875 0.08203125 0.0296875
0 0.1828125 0.90859375 0.08984375 0.040625
0 0.21015625 0.5109375 0.053125 0.0296875
0 0.18203125 0.54296875 0.0875 0.03046875
0 0.11328125 0.91640625 0.04453125 0.03828125
0 0.07109375 0.92109375 0.03359375 0.03515625
0 0.03671875 0.9203125 0.02734375 0.0296875
0 0.06484375 0.68515625 0.06328125 0.02421875
0 0.10546875 0.7359375 0.046875 0.0265625
0 0.07578125 0.7390625 0.0328125 0.0265625
0 0.04375 0.73984375 0.03125 0.02890625
0 0.0796875 0.56015625 0.0828125 0.02890625
0 0.02109375 0.57890625 0.04140625 0.03828125
0 0.7921875 0.584375 0.03515625 0.0203125
0 0.81953125 0.57265625 0.03984375 0.0171875
0 0.86796875 0.5625 0.05390625 0.025
0 0.9046875 0.55234375 0.0703125 0.0234375
0 0.95625 0.53203125 0.0375 0.01953125
0 0.98515625 0.5234375 0.0171875 0.02265625
0 0.88515625 0.51015625 0.0328125 0.01640625