0 0.04375 0.19140625 0.075 0.0578125
0 0.00703125 0.096875 0.0140625 0.05
0 0.05 0.0984375 0.0609375 0.04765625
0 0.0859375 0.04296875 0.05703125 0.04296875
0 0.11796875 0.203125 0.05703125 0.08515625
0 0.27578125 0.146875 0.06875 0.090625
0 0.1921875 0.1375 0.08203125 0.09453125
0 0.34296875 0.12890625 0.046875 0.05703125
0 0.4125 0.125 0.07578125 0.10234375
0 0.56171875 0.15625 0.06171875 0.0828125
0 0.49453125 0.13984375 0.06875 0.1078125
0 0.665625 0.16171875 0.1046875 0.10546875
0 0.77734375 0.2359375 0.0359375 0.07265625
0 0.6109375 0.6515625 0.13046875 0.10703125
0 0.51796875 0.6421875 0.04296875 0.07421875
0 0.29921875 0.6109375 0.17578125 0.11875
0 0.0328125 0.55546875 0.065625 0.09375
0 0.03046875 0.92734375 0.0609375 0.1421875
0 0.10078125 0.90625 0.06640625 0.075
0 0.17109375 0.5734375 0.0890625 0.16953125
0 0.17421875 0.73203125 0.06171875 0.134375
0 0.1921875 0.87109375 0.0796875 0.1203125
0 0.24453125 0.9609375 0.09765625 0.06484375
0 0.4390625 0.63828125 0.06953125 0.1515625
0 0.44375 0.8875 0.06875 0.2046875
0 0.44765625 0.75078125 0.06640625 0.07890625
0 0.73984375 0.678125 0.06171875 0.12421875
0 0.71875 0.8015625 0.06640625 0.125
0 0.721875 0.934375 0.0734375 0.13125
0 0.89296875 0.665625 0.05078125 0.1125
0 0.96484375 0.67265625 0.0703125 0.12734375
0 0.925 0.94765625 0.128125 0.1046875
0 0.9671875 0.8375 0.06484375 0.08671875
0 0.88515625 0.1984375 0.08046875 0.0765625
0 0.96640625 0.2421875 0.0671875 0.0875
0 0.92734375 0.115625 0.06171875 0.05390625
0 0.975 0.04140625 0.04921875 0.05
0 0.81015625 0.04375 0.0515625 0.053125
0 0.5375 0.0234375 0.04609375 0.04609375
0 0.4390625 0.02578125 0.11953125 0.0515625
0 0.321875 0.01796875 0.046875 0.03515625
0 0.3296875 0.384375 0.0546875 0.06796875
0 0.82265625 0.17734375 0.028125 0.0625
0 0.2890625 0.73515625 0.05078125 0.084375