0 0.1359375 0.9734375 0.04296875 0.053125
0 0.15078125 0.9078125 0.025 0.05703125
0 0.0140625 0.59609375 0.02734375 0.06953125
0 0.13671875 0.5375 0.025 0.0390625
0 0.13828125 0.47578125 0.034375 0.03125
0 0.14921875 0.41640625 0.04140625 0.05
0 0.2171875 0.36328125 0.025 0.03671875
0 0.15625 0.359375 0.0453125 0.0546875
0 0.17734375 0.3015625 0.03671875 0.05703125
0 0.18203125 0.240625 0.0375 0.05859375
0 0.2 0.18984375 0.03359375 0.03984375
0 0.22734375 0.140625 0.028125 0.05703125
0 0.24296875 0.084375 0.03828125 0.05
0 0.26171875 0.028125 0.05859375 0.05546875
0 0.0171875 0.14453125 0.0328125 0.05625
0 0.028125 0.09453125 0.0296875 0.0359375
0 0.04921875 0.05078125 0.0375 0.046875
0 0.06796875 0.01328125 0.0484375 0.0265625
0 0.365625 0.9703125 0.0390625 0.059375
0 0.365625 0.9 0.03828125 0.0671875
0 0.36328125 0.82890625 0.0453125 0.05625
0 0.36875 0.77421875 0.03984375 0.046875
0 0.375 0.7171875 0.040625 0.0609375
0 0.3859375 0.640625 0.0421875 0.0734375
0 0.3921875 0.56484375 0.04375 0.06015625
0 0.3953125 0.49375 0.05546875 0.06484375
0 0.4015625 0.4203125 0.053125 0.0734375
0 0.41796875 0.2765625 0.05234375 0.12109375
0 0.434375 0.175 0.0390625 0.059375
0 0.4453125 0.10546875 0.04296875 0.08125
0 0.4609375 0.025 0.05625 0.05
0 0.65859375 0.76484375 0.03515625 0.075
0 0.6296875 0.9625 0.053125 0.04765625
0 0.6390625 0.921875 0.03671875 0.05078125
0 0.63515625 0.86953125 0.03671875 0.05546875
0 0.65625 0.8265625 0.03515625 0.04296875
0 0.68984375 0.5078125 0.03203125 0.053125
0 0.6984375 0.459375 0.03125 0.05078125
0 0.69609375 0.39765625 0.034375 0.06328125
0 0.696875 0.32421875 0.0375 0.053125
0 0.70859375 0.26875 0.053125 0.071875
0 0.6984375 0.19140625 0.04609375 0.07421875
0 0.7046875 0.13515625 0.03125 0.05390625
0 0.690625 0.078125 0.0375 0.046875
0 0.69453125 0.0265625 0.0328125 0.053125
0 0.71953125 0.02734375 0.015625 0.02578125
0 0.9125 0.053125 0.04375 0.0421875
0 0.90234375 0.0171875 0.034375 0.034375
0 0.9375 0.1484375 0.03671875 0.04921875
0 0.93359375 0.10078125 0.04921875 0.06015625
0 0.8359375 0.2125 0.028125 0.0546875
0 0.94375 0.28046875 0.0375 0.05234375
0 0.95078125 0.1859375 0.03125 0.0234375
0 0.9421875 0.6609375 0.02265625 0.04765625
0 0.9109375 0.80859375 0.034375 0.06171875
0 0.85234375 0.953125 0.03359375 0.0515625
0 0.87734375 0.9140625 0.0265625 0.03125
0 0.88125 0.865625 0.03828125 0.05390625
0 0.98984375 0.97421875 0.0203125 0.0515625
0 0.96171875 0.3625 0.05 0.08984375