0 0.34296875 0.5765625 0.0421875 0.07890625
0 0.04375 0.48984375 0.03515625 0.05703125
0 0.28515625 0.3515625 0.07265625 0.0859375
0 0.25234375 0.2796875 0.04375 0.0359375
0 0.24453125 0.23125 0.04140625 0.0484375
0 0.22578125 0.1578125 0.0578125 0.06484375
0 0.2109375 0.0890625 0.040625 0.0515625
0 0.18984375 0.04140625 0.040625 0.03984375
0 0.18359375 0.009375 0.02578125 0.01796875
0 0.53125 0.17890625 0.05703125 0.0703125
0 0.51875 0.1109375 0.0421875 0.059375
0 0.484375 0.0640625 0.03515625 0.05703125
0 0.4703125 0.0203125 0.03828125 0.03984375
0 0.82734375 0.03046875 0.0375 0.06015625
0 0.8578125 0.0921875 0.0421875 0.021875
0 0.9640625 0.315625 0.05 0.07890625
0 0.946875 0.221875 0.0421875 0.06328125
0 0.990625 0.0921875 0.01796875 0.04453125
0 0.73984375 0.84140625 0.046875 0.0484375
0 0.734375 0.7703125 0.040625 0.07265625
0 0.775 0.94765625 0.04140625 0.08828125
0 0.43125 0.85234375 0.04453125 0.06015625
0 0.3984375 0.77734375 0.0390625 0.0671875
0 0.3796875 0.69296875 0.0296875 0.05703125
0 0.1375 0.78671875 0.03984375 0.05859375
0 0.09296875 0.69296875 0.03203125 0.05703125
0 0.078125 0.61171875 0.0203125 0.0421875
0 0.0171875 0.41640625 0.034375 0.03828125
0 0.01640625 0.3609375 0.0328125 0.0375
0 0.01484375 0.2921875 0.0296875 0.053125