0 0.06875 0.93828125 0.053125 0.05390625
0 0.0234375 0.865625 0.04609375 0.08203125
0 0.07890625 0.471875 0.0234375 0.0546875
0 0.2421875 0.47578125 0.03203125 0.0625
0 0.32109375 0.75859375 0.03828125 0.0765625
0 0.2453125 0.86953125 0.053125 0.06484375
0 0.2546875 0.8 0.03984375 0.05390625
0 0.3015625 0.9484375 0.08984375 0.08828125
0 0.21015625 0.75078125 0.0328125 0.0453125
0 0.22578125 0.65546875 0.03203125 0.046875
0 0.165625 0.65390625 0.07734375 0.12578125
0 0.01484375 0.16875 0.0296875 0.1
0 0.0265625 0.0515625 0.03125 0.046875
0 0.21484375 0.03671875 0.0765625 0.07265625
0 0.2671875 0.1375 0.071875 0.096875
0 0.33046875 0.303125 0.06640625 0.10234375
0 0.30546875 0.2125 0.0390625 0.05
0 0.375 0.39609375 0.05546875 0.0796875
0 0.3921875 0.478125 0.0578125 0.078125
0 0.42421875 0.56171875 0.07109375 0.0890625
0 0.45703125 0.7421875 0.046875 0.05703125
0 0.4625 0.67265625 0.04453125 0.0859375
0 0.50234375 0.73125 0.034375 0.04296875
0 0.52578125 0.78828125 0.040625 0.06171875
0 0.54921875 0.840625 0.01796875 0.05
0 0.5796875 0.921875 0.05078125 0.09765625
0 0.6390625 0.20625 0.040625 0.06328125
0 0.65234375 0.27578125 0.0171875 0.0578125
0 0.68203125 0.27734375 0.03515625 0.0984375
0 0.690625 0.34375 0.02890625 0.03046875
0 0.7046875 0.421875 0.02578125 0.06953125
0 0.73203125 0.4984375 0.03671875 0.08203125
0 0.7796875 0.57421875 0.03984375 0.06328125
0 0.80703125 0.659375 0.046875 0.07421875
0 0.825 0.7296875 0.04140625 0.046875
0 0.87109375 0.878125 0.0390625 0.07421875
0 0.90078125 0.96171875 0.0421875 0.0765625
0 0.85 0.97890625 0.04765625 0.0421875
0 0.99140625 0.5 0.01640625 0.09140625
0 0.9140625 0.58125 0.0609375 0.06484375
0 0.96796875 0.37734375 0.0640625 0.10546875
0 0.92890625 0.2671875 0.03671875 0.05625
0 0.9640625 0.2359375 0.040625 0.04140625
0 0.871875 0.2015625 0.0890625 0.10703125
0 0.8 0.10703125 0.06171875 0.05390625
0 0.95625 0.03515625 0.0875 0.0703125
0 0.646875 0.015625 0.053125 0.03125
0 0.58515625 0.1046875 0.08203125 0.13046875
0 0.52421875 0.02109375 0.06171875 0.04140625
0 0.384375 0.2125 0.07421875 0.0796875
0 0.56328125 0.41171875 0.04296875 0.09296875
0 0.68359375 0.6890625 0.0234375 0.05546875