0 0.80390625 0.546875 0.1140625 0.0765625
0 0.54140625 0.70546875 0.06015625 0.03203125
0 0.61328125 0.7046875 0.03984375 0.034375
0 0.67109375 0.696875 0.06640625 0.040625
0 0.725 0.68984375 0.03359375 0.028125
0 0.7671875 0.67578125 0.05546875 0.0296875
0 0.83359375 0.66640625 0.06484375 0.04765625
0 0.90546875 0.65078125 0.0734375 0.04609375
0 0.96484375 0.63125 0.059375 0.05
0 0.94453125 0.77734375 0.028125 0.028125
0 0.87265625 0.81328125 0.1140625 0.0390625
0 0.775 0.83984375 0.07421875 0.03359375
0 0.68671875 0.871875 0.11875 0.0453125
0 0.590625 0.8953125 0.07578125 0.03671875
0 0.52421875 0.91015625 0.06953125 0.05
0 0.415625 0.91953125 0.071875 0.04140625
0 0.74140625 0.9875 0.04296875 0.02421875
0 0.478125 0.81171875 0.04921875 0.02734375
0 0.43828125 0.7796875 0.05625 0.03203125
0 0.40546875 0.728125 0.0515625 0.03203125
0 0.3265625 0.72890625 0.09375 0.040625
0 0.2171875 0.74296875 0.06640625 0.02734375
0 0.071875 0.72890625 0.05390625 0.0328125
0 0.01640625 0.73125 0.0328125 0.02890625
0 0.2 0.84453125 0.14375 0.09453125
0 0.08046875 0.85078125 0.09609375 0.08203125
0 0.0453125 0.92109375 0.040625 0.03671875
0 0.13203125 0.93515625 0.12578125 0.0640625
0 0.28203125 0.92890625 0.0703125 0.0375
0 0.3328125 0.934375 0.07578125 0.05859375
0 0.9703125 0.45078125 0.059375 0.04453125
0 0.9078125 0.44453125 0.07734375 0.04921875
0 0.8359375 0.44375 0.0609375 0.0453125
0 0.7875 0.44609375 0.04296875 0.03984375
0 0.6703125 0.38125 0.05546875 0.02109375
0 0.63515625 0.30703125 0.07265625 0.0390625
0 0.55546875 0.40234375 0.0890625 0.03671875
0 0.628125 0.4390625 0.10390625 0.03671875
0 0.53984375 0.4453125 0.09921875 0.0390625
0 0.42734375 0.43984375 0.10546875 0.04921875
0 0.33046875 0.43671875 0.0640625 0.0421875
0 0.17890625 0.3796875 0.05703125 0.02890625
0 0.03046875 0.459375 0.0609375 0.0484375
0 0.209375 0.44609375 0.17890625 0.0546875
0 0.7671875 0.26953125 0.04609375 0.03671875
0 0.684375 0.2484375 0.05546875 0.0328125
0 0.609375 0.2328125 0.1078125 0.0375
0 0.47734375 0.21640625 0.09921875 0.0671875
0 0.38515625 0.21796875 0.0859375 0.040625
0 0.2875 0.22421875 0.11171875 0.034375
0 0.18359375 0.22734375 0.07265625 0.053125
0 0.79765625 0.09375 0.0546875 0.04375
0 0.74921875 0.09140625 0.04453125 0.0359375
0 0.6984375 0.075 0.04453125 0.0359375
0 0.6453125 0.06171875 0.04921875 0.0421875
0 0.59609375 0.05546875 0.0421875 0.034375
0 0.5421875 0.05 0.0703125 0.046875
0 0.47109375 0.0421875 0.0734375 0.05234375
0 0.396875 0.040625 0.07890625 0.0375
0 0.33359375 0.0328125 0.04765625 0.03203125
0 0.28046875 0.03203125 0.0578125 0.03359375
0 0.21796875 0.04140625 0.0625 0.03828125
0 0.1640625 0.04921875 0.04296875 0.0375
0 0.1140625 0.0515625 0.0375 0.034375
0 0.79453125 0.04609375 0.053125 0.034375
0 0.86796875 0.02578125 0.0578125 0.0359375
0 0.81171875 0.009375 0.0609375 0.01796875
0 0.32578125 0.8109375 0.0375 0.025