0 0.340625 0.5078125 0.02734375 0.01640625
0 0.428125 0.4921875 0.046875 0.02578125
0 0.34765625 0.46328125 0.03359375 0.015625
0 0.20859375 0.50859375 0.05234375 0.02265625
0 0.19375 0.5375 0.04140625 0.02265625
0 0.159375 0.5421875 0.040625 0.02890625
0 0.07734375 0.55703125 0.0796875 0.02578125
0 0.0203125 0.5734375 0.03828125 0.03671875
0 0.1046875 0.38828125 0.02109375 0.01953125
0 0.2 0.36328125 0.075 0.03125
0 0.215625 0.3140625 0.03046875 0.0140625
0 0.31640625 0.34765625 0.03359375 0.0234375
0 0.36171875 0.3390625 0.0484375 0.0234375
0 0.3984375 0.34375 0.02578125 0.01953125
0 0.43203125 0.3328125 0.03828125 0.02421875
0 0.41015625 0.28828125 0.0375 0.02578125
0 0.4984375 0.32265625 0.05234375 0.02890625
0 0.55625 0.3203125 0.06328125 0.040625
0 0.59609375 0.46015625 0.08046875 0.04453125
0 0.63828125 0.4875 0.0515625 0.021875
0 0.71015625 0.453125 0.0328125 0.02421875
0 0.77265625 0.44375 0.04765625 0.028125
0 0.840625 0.4328125 0.06796875 0.02890625
0 0.8828125 0.421875 0.028125 0.02421875
0 0.921875 0.41484375 0.06484375 0.02890625
0 0.97421875 0.41015625 0.03359375 0.0234375
0 0.91328125 0.43984375 0.03203125 0.01640625
0 0.88515625 0.46171875 0.0375 0.01796875
0 0.9703125 0.44921875 0.03828125 0.01875
0 0.83359375 0.5359375 0.0359375 0.0171875
0 0.88671875 0.5078125 0.0484375 0.0125
0 0.9671875 0.53125 0.0359375 0.025
0 0.99140625 0.52265625 0.0171875 0.0140625
0 0.90625 0.55078125 0.0703125 0.03046875
0 0.85625 0.5578125 0.0265625 0.021875
0 0.8203125 0.56953125 0.04921875 0.01875
0 0.7984375 0.58671875 0.04609375 0.01953125
0 0.73125 0.60859375 0.059375 0.03046875
0 0.6359375 0.625 0.04765625 0.0203125
0 0.74375 0.66484375 0.078125 0.040625
0 0.490625 0.659375 0.115625 0.03828125
0 0.3765625 0.6859375 0.0765625 0.0296875
0 0.31015625 0.6921875 0.06171875 0.03828125
0 0.253125 0.709375 0.0609375 0.02890625
0 0.17734375 0.72578125 0.0984375 0.0390625
0 0.05859375 0.684375 0.0484375 0.0265625
0 0.07578125 0.7359375 0.1046875 0.034375
0 0.03359375 0.91640625 0.03828125 0.03515625
0 0.07421875 0.91953125 0.040625 0.0359375
0 0.10859375 0.915625 0.040625 0.0390625
0 0.17890625 0.9046875 0.0828125 0.03671875
0 0.25859375 0.8953125 0.0734375 0.034375
0 0.31640625 0.88203125 0.03671875 0.02890625
0 0.359375 0.875 0.053125 0.03203125
0 0.41328125 0.90703125 0.028125 0.0390625
0 0.4328125 0.86171875 0.0625 0.0296875
0 0.4796875 0.84765625 0.071875 0.025
0 0.546875 0.82890625 0.059375 0.0296875
0 0.609375 0.815625 0.04375 0.02578125
0 0.65078125 0.79609375 0.0296875 0.01640625
0 0.6875 0.78828125 0.04375 0.0234375
0 0.71640625 0.775 0.04609375 0.0296875
0 0.7609375 0.76953125 0.04140625 0.03203125
0 0.80078125 0.74609375 0.0625 0.0296875
0 0.8515625 0.725 0.059375 0.02421875
0 0.88359375 0.70703125 0.04140625 0.02109375
0 0.91015625 0.6921875 0.034375 0.0171875
0 0.946875 0.68046875 0.03671875 0.021875
0 0.971875 0.6640625 0.03984375 0.01484375
0 0.62734375 0.31640625 0.05703125 0.028125
0 0.6921875 0.3109375 0.04609375 0.025
0 0.73359375 0.30703125 0.025 0.0203125
0 0.7625 0.3078125 0.03046875 0.02109375
0 0.69375 0.221875 0.040625 0.021875
0 0.7046875 0.2484375 0.04296875 0.02578125
0 0.56875 0.1921875 0.03984375 0.025
0 0.61640625 0.19140625 0.053125 0.028125
0 0.67109375 0.18984375 0.05390625 0.025
0 0.71484375 0.1890625 0.0375 0.0234375
0 0.7671875 0.19140625 0.03828125 0.025
0 0.62265625 0.1546875 0.03046875 0.02421875
0 0.73515625 0.16015625 0.03046875 0.0203125
0 0.78515625 0.15859375 0.04921875 0.028125
0 0.43359375 0.19921875 0.04296875 0.01875
0 0.5484375 0.92421875 0.0328125 0.03125
0 0.60546875 0.96328125 0.0671875 0.03984375
0 0.48515625 0.98515625 0.1140625 0.02890625
0 0.378125 0.2015625 0.0578125 0.0390625
0 0.29765625 0.18125 0.0296875 0.0171875
0 0.32265625 0.2046875 0.03359375 0.025
0 0.28671875 0.20859375 0.0390625 0.028125
0 0.22578125 0.21875 0.04375 0.0234375
0 0.15703125 0.2328125 0.03671875 0.021875
0 0.10859375 0.12265625 0.0453125 0.025
0 0.1609375 0.0828125 0.06328125 0.03984375
0 0.18046875 0.1125 0.0953125 0.03515625
0 0.27421875 0.06015625 0.04296875 0.025
0 0.28984375 0.0875 0.08125 0.03828125
0 0.3546875 0.08671875 0.05390625 0.0359375
0 0.40390625 0.05625 0.0328125 0.0171875
0 0.4265625 0.08203125 0.0546875 0.03046875
0 0.4765625 0.078125 0.05546875 0.028125
0 0.534375 0.084375 0.071875 0.0328125
0 0.1328125 0.028125 0.046875 0.025
0 0.19140625 0.01484375 0.04140625 0.0265625
0 0.2359375 0.00859375 0.053125 0.0171875
0 0.31953125 0.00625 0.1140625 0.01171875
0 0.5171875 0.0078125 0.05078125 0.015625
0 0.56875 0.00703125 0.03515625 0.01328125
0 0.825 0.115625 0.06328125 0.03125
0 0.7578125 0.10390625 0.03671875 0.02578125
0 0.7109375 0.096875 0.0515625 0.0234375
0 0.61953125 0.05 0.03203125 0.0421875
0 0.6765625 0.0765625 0.03125 0.02578125
0 0.7109375 0.05234375 0.04375 0.040625
0 0.84921875 0.059375 0.06171875 0.03046875
0 0.79296875 0.0421875 0.0484375 0.0296875
0 0.75 0.02734375 0.03046875 0.0203125
0 0.7 0.0171875 0.04296875 0.02578125
0 0.65859375 0.01171875 0.03515625 0.0234375
0 0.61171875 0.0125 0.046875 0.0234375
0 0.86953125 0.01328125 0.04609375 0.025