0 0.596875 0.82734375 0.0671875 0.04453125
0 0.69375 0.8140625 0.13671875 0.05390625
0 0.821875 0.78984375 0.08828125 0.0390625
0 0.91328125 0.77421875 0.096875 0.05
0 0.521875 0.83984375 0.09765625 0.05703125
0 0.4265625 0.8390625 0.0828125 0.04609375
0 0.334375 0.84609375 0.0703125 0.04609375
0 0.23046875 0.8421875 0.07421875 0.03984375
0 0.1515625 0.83828125 0.0640625 0.03984375
0 0.0234375 0.81015625 0.04609375 0.03828125
0 0.0828125 0.8265625 0.06796875 0.0484375
0 0.0765625 0.965625 0.0671875 0.05078125
0 0.16015625 0.97421875 0.0484375 0.04765625
0 0.48046875 0.9671875 0.06171875 0.0328125
0 0.61015625 0.96796875 0.03515625 0.034375
0 0.653125 0.9546875 0.05390625 0.03359375
0 0.80078125 0.59765625 0.08125 0.0421875
0 0.88125 0.5953125 0.07109375 0.03984375
0 0.9546875 0.59453125 0.08046875 0.04140625
0 0.6203125 0.60390625 0.13203125 0.04609375
0 0.403125 0.6 0.14921875 0.053125
0 0.08046875 0.590625 0.1390625 0.05234375
0 0.196875 0.36015625 0.1140625 0.03984375
0 0.32109375 0.35625 0.1234375 0.05859375
0 0.41796875 0.35703125 0.05859375 0.05
0 0.51953125 0.3640625 0.12890625 0.04609375
0 0.68828125 0.378125 0.13671875 0.06171875
0 0.7796875 0.38671875 0.0296875 0.0203125
0 0.83359375 0.39609375 0.05234375 0.03828125
0 0.90546875 0.40234375 0.075 0.05
0 0.97265625 0.40859375 0.0546875 0.04453125
0 0.71484375 0.16640625 0.08359375 0.05078125
0 0.62578125 0.1484375 0.078125 0.04765625
0 0.50078125 0.125 0.16328125 0.05703125
0 0.38515625 0.12109375 0.06171875 0.04609375
0 0.32109375 0.12109375 0.059375 0.04609375
0 0.24609375 0.11796875 0.08671875 0.06171875
0 0.1484375 0.12421875 0.10078125 0.0421875
0 0.09453125 0.10625 0.0296875 0.01953125
0 0.703125 0.01328125 0.109375 0.0265625
0 0.81171875 0.03984375 0.11484375 0.05859375