0 0.0234375 0.96796875 0.046875 0.0640625
0 0.23203125 0.9734375 0.034375 0.05
0 0.1984375 0.9375 0.0296875 0.04140625
0 0.159375 0.9046875 0.05546875 0.0640625
0 0.103125 0.84296875 0.0375 0.05625
0 0.065625 0.775 0.0546875 0.07109375
0 0.02109375 0.6921875 0.0421875 0.0765625
0 0.01171875 0.6171875 0.0234375 0.03671875
0 0.44765625 0.9234375 0.040625 0.0578125
0 0.41484375 0.8859375 0.03125 0.0484375
0 0.3796875 0.83203125 0.046875 0.0671875
0 0.36875 0.7765625 0.03359375 0.04453125
0 0.33046875 0.72421875 0.04375 0.06640625
0 0.3078125 0.665625 0.040625 0.05625
0 0.28515625 0.621875 0.04921875 0.03984375
0 0.271875 0.5625 0.0484375 0.06953125
0 0.2390625 0.4765625 0.0421875 0.0671875
0 0.19765625 0.4015625 0.0578125 0.0625
0 0.16171875 0.3265625 0.0515625 0.07109375
0 0.121875 0.2546875 0.04921875 0.0671875
0 0.09765625 0.1625 0.0515625 0.0828125
0 0.07109375 0.0875 0.0484375 0.0546875
0 0.06171875 0.03046875 0.0484375 0.05625
0 0.60390625 0.79609375 0.0421875 0.0765625
0 0.63984375 0.975 0.034375 0.05
0 0.8109375 0.965625 0.0375 0.06796875
0 0.76171875 0.853125 0.0265625 0.05078125
0 0.7296875 0.78984375 0.03203125 0.05625
0 0.70546875 0.6765625 0.0359375 0.0484375
0 0.67734375 0.6015625 0.06875 0.11015625
0 0.6109375 0.51953125 0.05078125 0.08671875
0 0.5796875 0.40703125 0.03828125 0.04609375
0 0.55390625 0.37421875 0.028125 0.0515625
0 0.51640625 0.26171875 0.06171875 0.1046875
0 0.46328125 0.1796875 0.0375 0.08046875
0 0.43359375 0.11953125 0.0390625 0.04921875
0 0.40703125 0.07734375 0.05078125 0.0359375
0 0.3625 0.03125 0.07890625 0.0625
0 0.69296875 0.43125 0.04765625 0.08671875
0 0.74765625 0.31328125 0.03203125 0.07734375
0 0.7171875 0.2046875 0.034375 0.05703125
0 0.71640625 0.20390625 0.01953125 0.046875
0 0.71796875 0.06640625 0.028125 0.0546875
0 0.83984375 0.10546875 0.06953125 0.07734375
0 0.775 0.1375 0.028125 0.0484375
0 0.79609375 0.18046875 0.03828125 0.0375
0 0.87421875 0.3515625 0.04140625 0.05078125
0 0.909375 0.26875 0.075 0.10703125
0 0.93671875 0.4453125 0.06015625 0.07890625
0 0.98671875 0.6171875 0.02578125 0.134375
0 0.8015625 0.6359375 0.04453125 0.07421875
0 0.89921875 0.9046875 0.02890625 0.04921875
0 0.9921875 0.1875 0.015625 0.0328125
0 0.96875 0.1390625 0.03984375 0.06328125
0 0.9171875 0.065625 0.02421875 0.03046875
0 0.8796875 0.025 0.059375 0.04921875
0 0.3734375 0.5078125 0.05 0.1078125
0 0.23984375 0.79296875 0.02734375 0.04453125