0 0.04765625 0.440625 0.0953125 0.05
0 0.1328125 0.4421875 0.0703125 0.0484375
0 0.228125 0.4640625 0.08046875 0.05625
0 0.290625 0.47109375 0.0328125 0.040625
0 0.359375 0.48125 0.0828125 0.05390625
0 0.44296875 0.4859375 0.08125 0.0515625
0 0.5375 0.496875 0.10234375 0.05625
0 0.609375 0.50546875 0.07265625 0.0421875
0 0.29375 0.5765625 0.0390625 0.021875
0 0.45859375 0.56796875 0.06015625 0.0296875
0 0.39609375 0.61171875 0.06640625 0.0390625
0 0.32734375 0.6265625 0.05859375 0.0203125
0 0.70546875 0.61328125 0.06015625 0.0234375
0 0.03046875 0.6671875 0.0609375 0.04765625
0 0.0890625 0.6890625 0.05546875 0.04140625
0 0.1484375 0.69375 0.06015625 0.03984375
0 0.21015625 0.6984375 0.0703125 0.03984375
0 0.27109375 0.71015625 0.06171875 0.04765625
0 0.33984375 0.71484375 0.0671875 0.0390625
0 0.4296875 0.72578125 0.08203125 0.040625
0 0.51015625 0.72734375 0.07890625 0.03671875
0 0.603125 0.73671875 0.0796875 0.05
0 0.7 0.73046875 0.09609375 0.03671875
0 0.03828125 0.840625 0.07578125 0.03515625
0 0.1171875 0.86796875 0.0796875 0.04921875
0 0.253125 0.8859375 0.1 0.0453125
0 0.39140625 0.9 0.1109375 0.04296875
0 0.50078125 0.9046875 0.065625 0.03671875
0 0.571875 0.89765625 0.05 0.03125
0 0.6828125 0.8921875 0.090625 0.03984375
0 0.8265625 0.8703125 0.09296875 0.03828125
0 0.8953125 0.84765625 0.0296875 0.0171875
0 0.9296875 0.84140625 0.06171875 0.02109375
0 0.71640625 0.296875 0.06640625 0.040625
0 0.58828125 0.28203125 0.075 0.03984375
0 0.48984375 0.2578125 0.1171875 0.0484375
0 0.72578125 0.51171875 0.134375 0.0515625
0 0.84453125 0.51953125 0.065625 0.04453125
0 0.91796875 0.54296875 0.07734375 0.04921875
0 0.98359375 0.54453125 0.03203125 0.034375
0 0.98125 0.47109375 0.0375 0.03984375
0 0.3453125 0.240625 0.075 0.0546875
0 0.23515625 0.2390625 0.07734375 0.046875
0 0.15625 0.2265625 0.0640625 0.0375
0 0.19453125 0.03671875 0.0578125 0.0375
0 0.1390625 0.03828125 0.0640625 0.02578125
0 0.77421875 0.0125 0.06953125 0.025
0 0.82734375 0.03203125 0.0375 0.03046875
0 0.7703125 0.14140625 0.0390625 0.0359375
0 0.20625 0.9484375 0.04375 0.01484375
0 0.24140625 0.9734375 0.040625 0.01875