0 0.01484375 0.9734375 0.0296875 0.05
0 0.01015625 0.7109375 0.0203125 0.059375
0 0.04140625 0.19375 0.05078125 0.0984375
0 0.02109375 0.10078125 0.0421875 0.0640625
0 0.09765625 0.02265625 0.07109375 0.0453125
0 0.0109375 0.01640625 0.021875 0.0328125
0 0.2453125 0.0296875 0.05703125 0.05859375
0 0.21640625 0.12109375 0.05625 0.06015625
0 0.2015625 0.2171875 0.04296875 0.05390625
0 0.19296875 0.3546875 0.04140625 0.11953125
0 0.26796875 0.3875 0.03671875 0.0515625
0 0.1859375 0.5 0.04140625 0.0765625
0 0.18125 0.57265625 0.03984375 0.0515625
0 0.18203125 0.69296875 0.03359375 0.09765625
0 0.18046875 0.7796875 0.03125 0.04375
0 0.20625 0.91171875 0.04609375 0.08203125
0 0.21953125 0.97421875 0.0390625 0.0515625
0 0.42578125 0.965625 0.0515625 0.06875
0 0.43125 0.86796875 0.0578125 0.121875
0 0.440625 0.746875 0.0234375 0.0421875
0 0.4484375 0.64375 0.0265625 0.05
0 0.4484375 0.5890625 0.04765625 0.0578125
0 0.46875 0.34296875 0.05859375 0.1640625
0 0.475 0.21328125 0.07265625 0.09609375
0 0.47265625 0.109375 0.05078125 0.0890625
0 0.49140625 0.03125 0.0484375 0.05546875
0 0.61171875 0.15546875 0.0953125 0.13359375
0 0.61015625 0.31875 0.05078125 0.08515625
0 0.56328125 0.46640625 0.06953125 0.1453125
0 0.5609375 0.70703125 0.0265625 0.046875
0 0.5828125 0.88515625 0.04921875 0.10546875
0 0.75234375 0.0765625 0.0515625 0.08515625
0 0.74140625 0.01171875 0.05625 0.0234375
0 0.74609375 0.15390625 0.0515625 0.05703125
0 0.81796875 0.184375 0.05546875 0.06796875
0 0.83203125 0.253125 0.046875 0.05546875
0 0.765625 0.228125 0.0546875 0.08828125
0 0.77109375 0.3421875 0.04375 0.13203125
0 0.75546875 0.5 0.053125 0.10078125
0 0.75859375 0.60546875 0.04921875 0.071875
0 0.740625 0.721875 0.04921875 0.09375
0 0.72890625 0.83203125 0.05859375 0.0765625
0 0.70703125 0.96484375 0.05 0.0703125
0 0.71171875 0.90234375 0.053125 0.046875
0 0.8296875 0.89296875 0.03046875 0.053125
0 0.8125 0.8421875 0.0390625 0.0484375
0 0.8171875 0.72265625 0.028125 0.059375
0 0.8671875 0.690625 0.0515625 0.09296875
0 0.86484375 0.5625 0.03125 0.07890625
0 0.84140625 0.36640625 0.04921875 0.05625
0 0.90625 0.96484375 0.046875 0.0703125
0 0.971875 0.9859375 0.03359375 0.028125
0 0.9296875 0.88046875 0.0375 0.0765625
0 0.9484375 0.8125 0.02890625 0.04375
0 0.96953125 0.76171875 0.0375 0.07109375
0 0.978125 0.67578125 0.04375 0.0921875
0 0.98203125 0.575 0.0359375 0.09296875
0 0.975 0.49921875 0.02109375 0.0390625
0 0.98046875 0.434375 0.0390625 0.059375
0 0.98515625 0.3328125 0.0296875 0.05
0 0.97890625 0.28203125 0.02734375 0.0359375
0 0.97265625 0.18671875 0.03984375 0.0546875
0 0.95625 0.14140625 0.0390625 0.03671875
0 0.96640625 0.08671875 0.04921875 0.04296875
0 0.9234375 0.03984375 0.0375 0.0796875