0 0.08046875 0.5421875 0.05078125 0.06796875
0 0.1546875 0.49296875 0.04765625 0.0765625
0 0.31953125 0.49140625 0.03984375 0.07109375
0 0.42109375 0.465625 0.06875 0.1453125
0 0.459375 0.575 0.04921875 0.06328125
0 0.215625 0.734375 0.0515625 0.07578125
0 0.07734375 0.903125 0.04296875 0.04921875
0 0.15703125 0.97578125 0.046875 0.04765625
0 0.21796875 0.9453125 0.059375 0.0734375
0 0.259375 0.96015625 0.01796875 0.0375
0 0.27890625 0.96640625 0.03125 0.04375
0 0.31015625 0.96875 0.02421875 0.04921875
0 0.36875 0.97578125 0.02265625 0.04765625
0 0.53671875 0.97890625 0.08828125 0.0421875
0 0.40546875 0.98046875 0.0234375 0.02890625
0 0.6265625 0.79296875 0.0515625 0.11484375
0 0.65625 0.92421875 0.046875 0.12421875
0 0.61484375 0.97578125 0.02890625 0.04765625
0 0.72265625 0.959375 0.05078125 0.05625
0 0.7875 0.94921875 0.02265625 0.04296875
0 0.69375 0.60625 0.04453125 0.09375
0 0.303125 0.30703125 0.0421875 0.04296875
0 0.3515625 0.1671875 0.04921875 0.08203125
0 0.1078125 0.1390625 0.07734375 0.0546875
0 0.0796875 0.084375 0.02109375 0.0390625
0 0.00625 0.19921875 0.0125 0.046875
0 0.20625 0.10625 0.0734375 0.07421875
0 0.26796875 0.10078125 0.05390625 0.065625
0 0.32578125 0.0796875 0.0484375 0.071875
0 0.38046875 0.07890625 0.0421875 0.0640625
0 0.45234375 0.0734375 0.06875 0.07734375
0 0.46640625 0.01796875 0.05703125 0.03515625
0 0.51875 0.071875 0.03359375 0.05390625
0 0.58984375 0.190625 0.06953125 0.07578125
0 0.61484375 0.071875 0.06171875 0.1140625
0 0.690625 0.10859375 0.046875 0.0671875
0 0.75546875 0.0890625 0.071875 0.06953125
0 0.73359375 0.0296875 0.05625 0.059375
0 0.8 0.19296875 0.0671875 0.1390625
0 0.73984375 0.48359375 0.05078125 0.0765625
0 0.6359375 0.30390625 0.03515625 0.0515625
0 0.80625 0.51328125 0.0515625 0.07734375
0 0.8375 0.34296875 0.05703125 0.0734375
0 0.8453125 0.48359375 0.02890625 0.06796875
0 0.88046875 0.5265625 0.0390625 0.05234375
0 0.88671875 0.66484375 0.034375 0.0734375
0 0.89765625 0.7578125 0.05 0.0890625
0 0.90234375 0.8671875 0.040625 0.09375
0 0.946875 0.890625 0.0390625 0.04296875
0 0.83359375 0.92109375 0.0203125 0.040625
0 0.865625 0.91796875 0.02265625 0.05546875
0 0.9 0.965625 0.03828125 0.040625
0 0.99296875 0.72734375 0.0140625 0.0546875
0 0.96796875 0.4796875 0.0640625 0.10234375
0 0.90546875 0.03046875 0.04921875 0.0609375
0 0.853125 0.14609375 0.04453125 0.08046875
0 0.98984375 0.265625 0.0203125 0.04921875