0 0.01328125 0.03125 0.02578125 0.04375
0 0.0515625 0.02578125 0.040625 0.0515625
0 0.04375 0.25078125 0.040625 0.1109375
0 0.07734375 0.21171875 0.02265625 0.03515625
0 0.0203125 0.36484375 0.034375 0.05546875
0 0.0578125 0.578125 0.04453125 0.11015625
0 0.08515625 0.48359375 0.053125 0.05625
0 0.08125 0.43125 0.03671875 0.03515625
0 0.1015625 0.38515625 0.0625 0.0515625
0 0.09921875 0.32734375 0.0515625 0.059375
0 0.01328125 0.80703125 0.0265625 0.0921875
0 0.0234375 0.73203125 0.0421875 0.05546875
0 0.03984375 0.66015625 0.0453125 0.05
0 0.01328125 0.98203125 0.0265625 0.0359375
0 0.01484375 0.934375 0.0296875 0.05234375
0 0.0109375 0.88359375 0.021875 0.059375
0 0.16953125 0.19140625 0.0390625 0.06484375
0 0.1359375 0.23984375 0.03671875 0.05390625
0 0.18828125 0.1328125 0.028125 0.03046875
0 0.153125 0.015625 0.03125 0.03125
0 0.2109375 0.0890625 0.034375 0.05546875
0 0.23671875 0.05390625 0.01875 0.04140625
0 0.2578125 0.02109375 0.03515625 0.04140625
0 0.24453125 0.9609375 0.05234375 0.07734375
0 0.2625 0.8875 0.07109375 0.06484375
0 0.33359375 0.875 0.0203125 0.025
0 0.26796875 0.78359375 0.04921875 0.12265625
0 0.3140625 0.62890625 0.03359375 0.07265625
0 0.3375 0.48671875 0.075 0.125
0 0.3875 0.284375 0.06328125 0.09921875
0 0.4078125 0.18046875 0.04296875 0.0640625
0 0.43125 0.11796875 0.05625 0.06484375
0 0.4625 0.03671875 0.075 0.06796875
0 0.534375 0.0578125 0.028125 0.03515625
0 0.53359375 0.0171875 0.0515625 0.0328125
0 0.390625 0.97734375 0.04375 0.0453125
0 0.4390625 0.98671875 0.01953125 0.02578125
0 0.50859375 0.98203125 0.0484375 0.03515625
0 0.534375 0.91953125 0.05625 0.0890625
0 0.571875 0.98359375 0.025 0.0328125
0 0.56875 0.7953125 0.05390625 0.12734375
0 0.59375 0.64765625 0.05234375 0.07734375
0 0.61953125 0.5765625 0.0546875 0.05859375
0 0.65703125 0.43125 0.0453125 0.06171875
0 0.66953125 0.35859375 0.034375 0.06640625
0 0.69296875 0.31328125 0.04765625 0.0703125
0 0.75078125 0.28984375 0.0546875 0.078125
0 0.79765625 0.24375 0.0375 0.05390625
0 0.71171875 0.2125 0.07265625 0.07265625
0 0.7390625 0.1234375 0.10390625 0.1328125
0 0.74375 0.0171875 0.03984375 0.034375
0 0.8109375 0.02265625 0.03125 0.03828125
0 0.7421875 0.98671875 0.034375 0.0265625
0 0.76015625 0.95 0.03671875 0.03515625
0 0.80859375 0.8828125 0.04765625 0.0984375
0 0.81953125 0.80234375 0.03984375 0.02734375
0 0.8296875 0.7515625 0.02421875 0.0578125
0 0.86171875 0.64609375 0.025 0.04765625
0 0.890625 0.54375 0.04765625 0.09765625
0 0.98515625 0.58984375 0.0296875 0.0515625
0 0.97578125 0.87734375 0.03046875 0.065625
0 0.91953125 0.97265625 0.03125 0.034375
0 0.93046875 0.42421875 0.05859375 0.08671875
0 0.9203125 0.346875 0.1 0.07421875
0 0.94609375 0.0359375 0.03828125 0.065625
0 0.953125 0.10703125 0.05625 0.078125
0 0.95703125 0.1890625 0.06015625 0.08671875
0 0.95703125 0.26953125 0.0734375 0.07109375