0 0.2546875 0.01640625 0.0875 0.0328125
0 0.659375 0.04921875 0.06484375 0.0390625
0 0.740625 0.08203125 0.065625 0.03828125
0 0.8625 0.0078125 0.059375 0.01484375
0 0.81484375 0.10703125 0.03828125 0.02265625
0 0.3625 0.21875 0.04140625 0.02578125
0 0.40546875 0.21484375 0.05078125 0.028125
0 0.30234375 0.2125 0.07578125 0.03828125
0 0.1984375 0.21796875 0.05546875 0.03359375
0 0.12890625 0.21796875 0.0671875 0.03046875
0 0.47109375 0.3296875 0.134375 0.08125
0 0.4328125 0.4484375 0.06015625 0.034375
0 0.31640625 0.44453125 0.10078125 0.05625
0 0.2296875 0.4375 0.07578125 0.0484375
0 0.1375 0.43671875 0.10546875 0.040625
0 0.0203125 0.44453125 0.03984375 0.03984375
0 0.05 0.4796875 0.0578125 0.0234375
0 0.5640625 0.5015625 0.15390625 0.134375
0 0.690625 0.46640625 0.090625 0.05703125
0 0.77265625 0.46328125 0.05703125 0.05859375
0 0.84375 0.47734375 0.10703125 0.0375
0 0.9375 0.47578125 0.08984375 0.06328125
0 0.8609375 0.39765625 0.0609375 0.03359375
0 0.971875 0.6328125 0.05625 0.02890625
0 0.98125 0.58515625 0.0375 0.021875
0 0.9109375 0.6421875 0.07890625 0.046875
0 0.8421875 0.65390625 0.071875 0.03515625
0 0.78671875 0.65625 0.053125 0.03671875
0 0.72421875 0.66796875 0.06171875 0.03125
0 0.63125 0.67578125 0.08984375 0.0484375
0 0.51875 0.67421875 0.0546875 0.02890625
0 0.4078125 0.678125 0.1390625 0.059375
0 0.17265625 0.665625 0.08125 0.05234375
0 0.109375 0.6625 0.04609375 0.05234375
0 0.03828125 0.66328125 0.0765625 0.04140625
0 0.1140625 0.85625 0.06875 0.04765625
0 0.1765625 0.859375 0.078125 0.0390625
0 0.26640625 0.8640625 0.090625 0.03984375
0 0.33671875 0.86640625 0.05078125 0.03671875
0 0.384375 0.87734375 0.0515625 0.03203125
0 0.4625 0.86953125 0.09140625 0.0421875
0 0.52421875 0.9078125 0.0484375 0.02109375
0 0.64375 0.85625 0.09609375 0.05546875
0 0.74296875 0.846875 0.07578125 0.0421875
0 0.821875 0.81796875 0.07578125 0.0421875
0 0.91640625 0.79921875 0.059375 0.05
0 0.5953125 0.98359375 0.109375 0.0328125
0 0.7359375 0.965625 0.05859375 0.0265625
0 0.27734375 0.975 0.06875 0.05
0 0.1078125 0.93203125 0.06796875 0.03515625