0 0.43046875 0.49296875 0.0609375 0.0359375
0 0.340625 0.5078125 0.034375 0.0296875
0 0.5953125 0.46015625 0.0734375 0.05
0 0.2046875 0.50625 0.040625 0.01796875
0 0.19453125 0.534375 0.03984375 0.0234375
0 0.15625 0.54140625 0.04609375 0.02734375
0 0.078125 0.55625 0.08046875 0.028125
0 0.01875 0.571875 0.03671875 0.0421875
0 0.06171875 0.68359375 0.06640625 0.0265625
0 0.03515625 0.7390625 0.03828125 0.0328125
0 0.090625 0.734375 0.06015625 0.03125
0 0.146875 0.7265625 0.05078125 0.0328125
0 0.1921875 0.7171875 0.04453125 0.03203125
0 0.23828125 0.70234375 0.03671875 0.0265625
0 0.27578125 0.709375 0.03359375 0.0296875
0 0.31015625 0.69140625 0.04765625 0.034375
0 0.375 0.68203125 0.05703125 0.03515625
0 0.3921875 0.74140625 0.04296875 0.04765625
0 0.2 0.3640625 0.096875 0.0328125
0 0.31015625 0.34375 0.034375 0.02421875
0 0.1546875 0.22890625 0.05 0.02734375
0 0.23125 0.2140625 0.05234375 0.0296875
0 0.28515625 0.2046875 0.05 0.03515625
0 0.32421875 0.2015625 0.0265625 0.02734375
0 0.36484375 0.1921875 0.05234375 0.03515625
0 0.30078125 0.17578125 0.0390625 0.01640625
0 0.1140625 0.1109375 0.0421875 0.02421875
0 0.14609375 0.07265625 0.0484375 0.0265625
0 0.17890625 0.10390625 0.08671875 0.03359375
0 0.1296875 0.0203125 0.04296875 0.02265625
0 0.18828125 0.0109375 0.0265625 0.021875
0 0.28203125 0.084375 0.0875 0.0359375
0 0.27265625 0.05625 0.06796875 0.02421875
0 0.3578125 0.0796875 0.05625 0.0390625
0 0.39765625 0.0484375 0.03984375 0.0203125
0 0.41953125 0.0796875 0.0734375 0.03046875
0 0.48125 0.078125 0.05390625 0.02890625
0 0.54140625 0.078125 0.07109375 0.028125
0 0.48828125 0.03984375 0.046875 0.025
0 0.62578125 0.03046875 0.034375 0.021875
0 0.6703125 0.07109375 0.0125 0.0171875
0 0.7078125 0.08828125 0.053125 0.02421875
0 0.4203125 0.19609375 0.06796875 0.02265625
0 0.509375 0.15234375 0.03125 0.0203125
0 0.55859375 0.16328125 0.028125 0.0171875
0 0.62265625 0.1484375 0.0203125 0.0203125
0 0.56796875 0.18984375 0.034375 0.02421875
0 0.6203125 0.18671875 0.05 0.02109375
0 0.68125 0.1859375 0.06171875 0.02109375
0 0.71171875 0.18046875 0.040625 0.03125
0 0.44765625 0.66328125 0.028125 0.0171875
0 0.50703125 0.65546875 0.0765625 0.0328125
0 0.61875 0.7203125 0.0375 0.01796875
0 0.74296875 0.665625 0.05234375 0.04609375
0 0.63125 0.621875 0.03515625 0.01640625
0 0.72109375 0.60625 0.0578125 0.03828125
0 0.7875 0.58203125 0.040625 0.02109375
0 0.82734375 0.5703125 0.05 0.02421875
0 0.82890625 0.534375 0.0453125 0.021875
0 0.73828125 0.490625 0.03984375 0.025
0 0.709375 0.45234375 0.05 0.02265625
0 0.77890625 0.44296875 0.05625 0.028125
0 0.840625 0.4296875 0.05859375 0.03125
0 0.90234375 0.42109375 0.06875 0.03125
0 0.96796875 0.40859375 0.0625 0.03125
0 0.97734375 0.446875 0.0265625 0.021875
0 0.88515625 0.4609375 0.03515625 0.01640625
0 0.8828125 0.553125 0.0546875 0.02421875
0 0.92890625 0.5453125 0.05390625 0.0265625
0 0.975 0.528125 0.05 0.034375
0 0.88359375 0.709375 0.05625 0.025
0 0.9109375 0.69375 0.04296875 0.015625
0 0.94375 0.6796875 0.05546875 0.0234375
0 0.96953125 0.66328125 0.04140625 0.02265625
0 0.85390625 0.72734375 0.07109375 0.025
0 0.796875 0.74609375 0.0671875 0.0296875
0 0.759375 0.76328125 0.07265625 0.0265625
0 0.61171875 0.81640625 0.06015625 0.02890625
0 0.6484375 0.79765625 0.03515625 0.021875
0 0.68828125 0.7921875 0.05078125 0.01875
0 0.7125 0.775 0.06640625 0.02734375
0 0.55 0.8328125 0.07421875 0.03515625
0 0.3984375 0.81953125 0.04609375 0.01875
0 0.45078125 0.859375 0.12421875 0.03671875
0 0.40703125 0.90546875 0.04765625 0.03671875
0 0.55078125 0.921875 0.04609375 0.0296875
0 0.5984375 0.9609375 0.06171875 0.03046875
0 0.49453125 0.98359375 0.0890625 0.0328125
0 0.3203125 0.884375 0.03671875 0.025
0 0.36015625 0.878125 0.0546875 0.02734375
0 0.27109375 0.89375 0.08203125 0.0328125
0 0.18125 0.90625 0.09765625 0.04453125
0 0.10703125 0.9140625 0.05234375 0.03828125
0 0.03671875 0.91640625 0.02109375 0.02890625
0 0.0640625 0.91953125 0.04140625 0.0359375
0 0.3671875 0.3359375 0.059375 0.0390625
0 0.43125 0.33046875 0.046875 0.02421875
0 0.50703125 0.31796875 0.07265625 0.0328125
0 0.5625 0.32109375 0.06640625 0.03125
0 0.63671875 0.3109375 0.06875 0.02890625
0 0.69453125 0.30859375 0.03203125 0.0234375
0 0.75 0.30390625 0.05859375 0.02734375
0 0.76875 0.1875 0.04140625 0.028125
0 0.684375 0.21640625 0.04375 0.01484375
0 0.715625 0.24375 0.04765625 0.02578125
0 0.240625 0.003125 0.046875 0.00625
0 0.78359375 0.15703125 0.0625 0.0234375
0 0.76171875 0.09921875 0.03984375 0.02265625
0 0.80859375 0.10546875 0.025 0.01796875
0 0.846875 0.115625 0.03984375 0.0234375
0 0.8984375 0.06484375 0.0265625 0.0171875
0 0.8515625 0.05546875 0.0578125 0.0265625
0 0.80390625 0.0375 0.0328125 0.02265625
0 0.71171875 0.04765625 0.05234375 0.0421875
0 0.56953125 0.00546875 0.0203125 0.0109375
0 0.63515625 0.01015625 0.0890625 0.0203125
0 0.70625 0.01796875 0.0484375 0.01953125
0 0.86328125 0.01015625 0.05546875 0.01875
0 0.6171875 0.0609375 0.025 0.0109375
0 0.62890625 0.08125 0.02734375 0.01796875
0 0.40703125 0.28203125 0.040625 0.021875
0 0.21171875 0.31171875 0.04765625 0.0140625