0 0.1046875 0.6328125 0.04296875 0.0796875
0 0.33046875 0.66328125 0.0375 0.078125
0 0.06328125 0.5609375 0.03828125 0.0546875
0 0.08125 0.48515625 0.0421875 0.078125
0 0.02890625 0.475 0.03125 0.07265625
0 0.015625 0.39296875 0.03125 0.0625
0 0.02734375 0.3015625 0.0328125 0.06328125
0 0.0703125 0.2171875 0.0296875 0.03671875
0 0.1609375 0.0140625 0.04453125 0.02734375
0 0.18828125 0.07578125 0.03046875 0.0359375
0 0.24453125 0.14296875 0.03515625 0.040625
0 0.384375 0.1125 0.04765625 0.10234375
0 0.55078125 0.065625 0.03515625 0.08828125
0 0.50703125 0.02578125 0.0265625 0.0515625
0 0.59375 0.11484375 0.01640625 0.05078125
0 0.61875 0.14765625 0.0234375 0.05703125
0 0.6671875 0.21953125 0.0296875 0.09296875
0 0.69921875 0.31171875 0.0328125 0.04453125
0 0.6984375 0.246875 0.02734375 0.059375
0 0.734375 0.33984375 0.03359375 0.05078125
0 0.58671875 0.40859375 0.15703125 0.36015625
0 0.28671875 0.90859375 0.03359375 0.08671875
0 0.2421875 0.86015625 0.03671875 0.06953125
0 0.203125 0.78515625 0.04296875 0.07734375
0 0.16328125 0.71484375 0.071875 0.0765625
0 0.0234375 0.8859375 0.04453125 0.09296875
0 0.084375 0.9640625 0.05234375 0.05390625
0 0.3453125 0.9703125 0.065625 0.05390625
0 0.74609375 0.74765625 0.03828125 0.0578125
0 0.84375 0.93515625 0.0515625 0.065625
0 0.7125 0.9859375 0.02734375 0.02578125
0 0.8640625 0.66953125 0.03203125 0.06875
0 0.89140625 0.7125 0.0171875 0.0421875
0 0.91875 0.76953125 0.03203125 0.06796875
0 0.95078125 0.815625 0.02265625 0.09375
0 0.97421875 0.9078125 0.03125 0.06640625
0 0.90234375 0.471875 0.01953125 0.03515625
0 0.91640625 0.40703125 0.06171875 0.07578125
0 0.990625 0.24140625 0.01875 0.0671875
0 0.9 0.20625 0.03515625 0.053125
0 0.94765625 0.09453125 0.0671875 0.0734375
0 0.94140625 0.02421875 0.06171875 0.0484375
0 0.40390625 0.546875 0.0390625 0.05625
0 0.46484375 0.7046875 0.03671875 0.05234375
0 0.46171875 0.88671875 0.03125 0.06484375
0 0.2859375 0.29453125 0.025 0.0484375
0 0.765625 0.4109375 0.03046875 0.06171875
0 0.73203125 0.51328125 0.02578125 0.0625