0 0.1015625 0.9328125 0.078125 0.065625
0 0.03359375 0.8125 0.06484375 0.05
0 0.03671875 0.74609375 0.04765625 0.06171875
0 0.1078125 0.8625 0.06796875 0.065625
0 0.01328125 0.35859375 0.0265625 0.0859375
0 0.08671875 0.303125 0.06484375 0.0796875
0 0.01328125 0.26796875 0.0265625 0.0359375
0 0.01015625 0.2 0.0203125 0.078125
0 0.02734375 0.1171875 0.04921875 0.078125
0 0.046875 0.03828125 0.0546875 0.0765625
0 0.15390625 0.19140625 0.06171875 0.09296875
0 0.16640625 0.1078125 0.06171875 0.0671875
0 0.19921875 0.446875 0.0734375 0.0640625
0 0.2078125 0.39140625 0.06015625 0.0515625
0 0.1375 0.51796875 0.06640625 0.1390625
0 0.1796875 0.6703125 0.096875 0.13984375
0 0.19765625 0.56171875 0.0453125 0.06640625
0 0.22421875 0.91015625 0.04765625 0.0796875
0 0.2125 0.8328125 0.04609375 0.05703125
0 0.20859375 0.7734375 0.05078125 0.05703125
0 0.2546875 0.97265625 0.04140625 0.04765625
0 0.48515625 0.9609375 0.08046875 0.07734375
0 0.4859375 0.8828125 0.0625 0.06875
0 0.4640625 0.7796875 0.0859375 0.1328125
0 0.4828125 0.65703125 0.071875 0.109375
0 0.4734375 0.525 0.05390625 0.09453125
0 0.478125 0.425 0.06953125 0.10859375
0 0.35 0.30546875 0.06484375 0.09921875
0 0.47109375 0.29140625 0.0625 0.13359375
0 0.35390625 0.1109375 0.0421875 0.06953125
0 0.46484375 0.171875 0.07109375 0.0875
0 0.465625 0.0671875 0.05078125 0.12578125
0 0.5578125 0.0796875 0.05859375 0.09140625
0 0.57109375 0.35625 0.05625 0.1125
0 0.6671875 0.38359375 0.06953125 0.09609375
0 0.6640625 0.721875 0.053125 0.0953125
0 0.66875 0.8640625 0.04921875 0.09453125
0 0.7453125 0.94921875 0.05625 0.1015625
0 0.74453125 0.68359375 0.11015625 0.29296875
0 0.7671875 0.3921875 0.05625 0.1171875
0 0.7703125 0.3015625 0.06484375 0.065625
0 0.75390625 0.23203125 0.04609375 0.0671875
0 0.7484375 0.13046875 0.07734375 0.13828125
0 0.71640625 0.02265625 0.04921875 0.0453125
0 0.90625 0.03203125 0.04296875 0.04453125
0 0.93671875 0.10078125 0.0734375 0.08984375
0 0.9546875 0.1765625 0.0609375 0.05703125
0 0.97734375 0.2515625 0.0453125 0.0796875
0 0.98515625 0.50546875 0.02890625 0.10234375
0 0.98359375 0.4109375 0.03203125 0.07265625
0 0.98125 0.33828125 0.0375 0.08359375
0 0.9828125 0.5921875 0.034375 0.0796875
0 0.978125 0.7671875 0.04375 0.08984375
0 0.98203125 0.68359375 0.03515625 0.08515625
0 0.97265625 0.86875 0.0546875 0.08828125
0 0.9515625 0.95703125 0.046875 0.07578125
0 0.90234375 0.93984375 0.03515625 0.0359375
0 0.21015625 0.28515625 0.05859375 0.0921875
0 0.2203125 0.19765625 0.0640625 0.06875
0 0.23671875 0.07734375 0.03984375 0.065625
0 0.24921875 0.0171875 0.0546875 0.034375