0 0.0234375 0.5296875 0.046875 0.0546875
0 0.08515625 0.53671875 0.090625 0.0484375
0 0.2078125 0.5421875 0.14453125 0.04609375
0 0.3546875 0.54609375 0.08671875 0.04609375
0 0.43984375 0.55546875 0.084375 0.053125
0 0.540625 0.55 0.1203125 0.059375
0 0.6484375 0.5515625 0.06484375 0.03671875
0 0.75859375 0.51328125 0.0796875 0.05234375
0 0.7515625 0.565625 0.065625 0.0453125
0 0.86015625 0.5671875 0.09296875 0.05078125
0 0.953125 0.56484375 0.09375 0.0453125
0 0.90234375 0.7421875 0.0953125 0.03671875
0 0.796875 0.76015625 0.11875 0.03515625
0 0.725 0.77890625 0.07421875 0.03828125
0 0.634375 0.784375 0.0953125 0.0546875
0 0.553125 0.7875 0.1 0.05546875
0 0.5546875 0.8609375 0.09765625 0.04609375
0 0.91640625 0.859375 0.02421875 0.015625
0 0.8515625 0.88125 0.05 0.0234375
0 0.73515625 0.91171875 0.06875 0.0328125
0 0.67734375 0.93046875 0.05234375 0.03046875
0 0.615625 0.9421875 0.07578125 0.0359375
0 0.52265625 0.94765625 0.11328125 0.03046875
0 0.0984375 0.94375 0.05859375 0.0421875
0 0.0453125 0.93359375 0.0453125 0.0421875
0 0.0109375 0.7546875 0.02109375 0.0359375
0 0.15390625 0.784375 0.12578125 0.0578125
0 0.26875 0.7890625 0.09375 0.059375
0 0.3734375 0.79609375 0.09296875 0.0515625
0 0.45703125 0.78828125 0.0765625 0.040625
0 0.4890625 0.26640625 0.07734375 0.03828125
0 0.41953125 0.3109375 0.0609375 0.0359375
0 0.4796875 0.31328125 0.04296875 0.02890625
0 0.590625 0.32734375 0.09453125 0.04140625
0 0.29453125 0.29921875 0.13515625 0.04609375
0 0.175 0.2953125 0.09375 0.04921875
0 0.103125 0.0890625 0.0578125 0.040625
0 0.19140625 0.0921875 0.140625 0.05390625
0 0.31015625 0.09765625 0.09609375 0.05546875
0 0.384375 0.1046875 0.05625 0.053125
0 0.46796875 0.11171875 0.1421875 0.0625
0 0.56640625 0.13359375 0.0546875 0.0296875
0 0.55859375 0.00625 0.0515625 0.01171875
0 0.61484375 0.01171875 0.05546875 0.0234375
0 0.65859375 0.02265625 0.04375 0.0234375
0 0.70625 0.03828125 0.06171875 0.034375
0 0.75390625 0.05 0.046875 0.03359375
0 0.8125 0.06796875 0.06328125 0.03046875
0 0.65625 0.16015625 0.0359375 0.02734375
0 0.69140625 0.16953125 0.03984375 0.025
0 0.73046875 0.17734375 0.04765625 0.02890625
0 0.865625 0.0140625 0.06796875 0.02734375
0 0.86640625 0.3796875 0.0453125 0.03046875