0 0.4015625 0.49296875 0.0453125 0.01953125
0 0.3234375 0.50859375 0.03125 0.0140625
0 0.56015625 0.459375 0.07265625 0.05
0 0.6078125 0.49140625 0.0359375 0.015625
0 0.6875 0.45234375 0.03515625 0.02109375
0 0.7109375 0.496875 0.059375 0.02890625
0 0.64921875 0.5328125 0.03515625 0.015625
0 0.19453125 0.50390625 0.02890625 0.021875
0 0.1703125 0.53671875 0.0703125 0.0328125
0 0.0734375 0.5546875 0.0765625 0.02265625
0 0.01875 0.56875 0.0375 0.0328125
0 0.18515625 0.36953125 0.07265625 0.0296875
0 0.2984375 0.353125 0.0328125 0.021875
0 0.34296875 0.34765625 0.0421875 0.02890625
0 0.40703125 0.33828125 0.04453125 0.028125
0 0.47890625 0.3296875 0.05 0.03046875
0 0.540625 0.32734375 0.06953125 0.03203125
0 0.61640625 0.31953125 0.0703125 0.0296875
0 0.66953125 0.31875 0.05 0.03671875
0 0.7234375 0.30703125 0.06953125 0.025
0 0.7671875 0.30625 0.0328125 0.02421875
0 0.153125 0.240625 0.03828125 0.02734375
0 0.2125 0.2265625 0.04140625 0.0265625
0 0.27421875 0.21484375 0.04921875 0.03828125
0 0.31171875 0.2171875 0.01875 0.0265625
0 0.35 0.20703125 0.04765625 0.0375
0 0.40078125 0.2078125 0.0578125 0.028125
0 0.546875 0.19375 0.04921875 0.0265625
0 0.6015625 0.1953125 0.046875 0.021875
0 0.671875 0.22734375 0.0609375 0.02890625
0 0.65234375 0.19375 0.04453125 0.021875
0 0.6984375 0.1953125 0.02890625 0.02578125
0 0.7546875 0.19921875 0.0421875 0.0328125
0 0.14453125 0.0890625 0.05078125 0.034375
0 0.165625 0.1171875 0.109375 0.03046875
0 0.26484375 0.07109375 0.05703125 0.02734375
0 0.2828125 0.1015625 0.1078125 0.0328125
0 0.359375 0.09140625 0.0484375 0.03984375
0 0.434375 0.08671875 0.078125 0.0265625
0 0.52421875 0.0890625 0.07734375 0.02734375
0 0.46484375 0.04921875 0.034375 0.02421875
0 0.61015625 0.04140625 0.03671875 0.02578125
0 0.69765625 0.05390625 0.0546875 0.0359375
0 0.60703125 0.0734375 0.02421875 0.0203125
0 0.68359375 0.09375 0.05546875 0.03359375
0 0.746875 0.10859375 0.05078125 0.0296875
0 0.79609375 0.11796875 0.0265625 0.02421875
0 0.8390625 0.12421875 0.0453125 0.021875
0 0.771875 0.1625 0.06015625 0.028125
0 0.84296875 0.06015625 0.06640625 0.034375
0 0.78515625 0.0421875 0.040625 0.02734375
0 0.74453125 0.03359375 0.05234375 0.02421875
0 0.68671875 0.02265625 0.053125 0.028125
0 0.61875 0.01328125 0.09375 0.0265625
0 0.553125 0.0078125 0.0375 0.015625
0 0.5 0.00703125 0.04296875 0.0140625
0 0.34296875 0.00703125 0.07421875 0.01328125
0 0.27421875 0.00703125 0.046875 0.01328125
0 0.228125 0.01171875 0.04375 0.01953125
0 0.1828125 0.0203125 0.03125 0.021875
0 0.1203125 0.03046875 0.0359375 0.0203125
0 0.853125 0.0140625 0.06875 0.028125
0 0.74765625 0.44296875 0.0546875 0.02265625
0 0.815625 0.43828125 0.05390625 0.0234375
0 0.88125 0.4234375 0.08515625 0.02578125
0 0.96484375 0.41328125 0.06875 0.02421875
0 0.95 0.44765625 0.03671875 0.01875
0 0.85703125 0.4640625 0.04140625 0.021875
0 0.94375 0.53046875 0.046875 0.0171875
0 0.97734375 0.51875 0.0453125 0.025
0 0.8859375 0.54921875 0.090625 0.0296875
0 0.8046875 0.534375 0.03671875 0.01953125
0 0.82578125 0.56171875 0.05078125 0.0234375
0 0.77265625 0.57421875 0.0765625 0.03359375
0 0.703125 0.60390625 0.0515625 0.0328125
0 0.70390625 0.65859375 0.08125 0.03203125
0 0.6046875 0.625 0.06796875 0.03046875
0 0.4578125 0.65234375 0.09765625 0.04140625
0 0.3625 0.67578125 0.08125 0.034375
0 0.29375 0.68671875 0.096875 0.04296875
0 0.2265625 0.69453125 0.03671875 0.02265625
0 0.16328125 0.7109375 0.103125 0.0296875
0 0.0875 0.725 0.06484375 0.02421875
0 0.0328125 0.725 0.034375 0.0296875
0 0.0546875 0.6734375 0.0546875 0.03359375
0 0.02890625 0.89375 0.0265625 0.03203125
0 0.0578125 0.89609375 0.03203125 0.03359375
0 0.09921875 0.89296875 0.05390625 0.0296875
0 0.1765625 0.8859375 0.08984375 0.03828125
0 0.23984375 0.87265625 0.07578125 0.0296875
0 0.30078125 0.86640625 0.053125 0.02578125
0 0.3390625 0.853125 0.0421875 0.03046875
0 0.4046875 0.8421875 0.0625 0.0296875
0 0.45390625 0.83125 0.03828125 0.0234375
0 0.32578125 0.99375 0.0421875 0.0125
0 0.390625 0.990625 0.05 0.01875
0 0.41875 0.98359375 0.0421875 0.01484375
0 0.47421875 0.96796875 0.07890625 0.03046875
0 0.521875 0.9046875 0.0421875 0.02578125
0 0.5609375 0.9421875 0.05625 0.03125
0 0.5203125 0.81640625 0.06796875 0.03046875
0 0.57265625 0.80078125 0.0515625 0.0296875
0 0.6203125 0.7859375 0.0390625 0.01640625
0 0.65625 0.78125 0.03515625 0.01953125
0 0.68828125 0.76875 0.0296875 0.028125
0 0.73125 0.75625 0.02890625 0.01953125
0 0.7703125 0.74140625 0.0578125 0.025
0 0.81875 0.72109375 0.04765625 0.0234375
0 0.85625 0.70546875 0.02734375 0.021875
0 0.8890625 0.690625 0.03203125 0.01796875
0 0.92109375 0.67578125 0.028125 0.021875
0 0.95078125 0.66328125 0.0390625 0.02265625
0 0.97578125 0.653125 0.01875 0.0203125
0 0.43046875 0.009375 0.08203125 0.0171875