0 0.30859375 0.515625 0.16015625 0.08515625
0 0.19609375 0.3953125 0.084375 0.0421875
0 0.13359375 0.403125 0.0359375 0.0296875
0 0.09921875 0.39453125 0.021875 0.0203125
0 0.06328125 0.4234375 0.03046875 0.01484375
0 0.2921875 0.3984375 0.04453125 0.03984375
0 0.34453125 0.4 0.06328125 0.0390625
0 0.41015625 0.40234375 0.05546875 0.0390625
0 0.4578125 0.3921875 0.053125 0.05546875
0 0.521875 0.39921875 0.06796875 0.04609375
0 0.5875 0.40546875 0.05625 0.05078125
0 0.67421875 0.4109375 0.115625 0.053125
0 0.81796875 0.4515625 0.04296875 0.01796875
0 0.79296875 0.41171875 0.0859375 0.0421875
0 0.9578125 0.59609375 0.05078125 0.0328125
0 0.85546875 0.61953125 0.08515625 0.0296875
0 0.76015625 0.62890625 0.0921875 0.03046875
0 0.66875 0.64609375 0.1015625 0.04609375
0 0.57578125 0.659375 0.0921875 0.04375
0 0.46328125 0.67578125 0.046875 0.02890625
0 0.49921875 0.65859375 0.0609375 0.03125
0 0.38046875 0.67109375 0.10234375 0.0578125
0 0.22421875 0.6859375 0.05546875 0.03046875
0 0.26171875 0.6734375 0.04453125 0.0296875
0 0.15546875 0.6828125 0.06796875 0.0421875
0 0.08984375 0.67734375 0.04140625 0.03125
0 0.028125 0.671875 0.05625 0.040625
0 0.89609375 0.77578125 0.04453125 0.02890625
0 0.9328125 0.75859375 0.05234375 0.03046875
0 0.83984375 0.7875 0.0578125 0.0375
0 0.7078125 0.7828125 0.1015625 0.0515625
0 0.725 0.8265625 0.0703125 0.0359375
0 0.6546875 0.83671875 0.07421875 0.04921875
0 0.5625 0.8671875 0.065625 0.025
0 0.44609375 0.86796875 0.04140625 0.0296875
0 0.496875 0.8640625 0.07421875 0.0390625
0 0.346875 0.87265625 0.06796875 0.0359375
0 0.26796875 0.8921875 0.05703125 0.0359375
0 0.21484375 0.8828125 0.059375 0.0359375
0 0.0671875 0.884375 0.04453125 0.0359375
0 0.11875 0.88203125 0.075 0.03046875
0 0.65625 0.97578125 0.23515625 0.04765625
0 0.85859375 0.4125 0.04296875 0.0296875
0 0.9375 0.42109375 0.10859375 0.03828125
0 0.3515625 0.2171875 0.075 0.0265625
0 0.6796875 0.20625 0.065625 0.03359375
0 0.60234375 0.19921875 0.071875 0.03828125
0 0.53515625 0.1875 0.08359375 0.03203125
0 0.4703125 0.178125 0.05078125 0.03828125
0 0.3859375 0.18125 0.1 0.0390625
0 0.2953125 0.178125 0.0828125 0.0390625
0 0.14296875 0.1921875 0.059375 0.03203125
0 0.1890625 0.1765625 0.0453125 0.02734375
0 0.228125 0.18515625 0.06015625 0.02421875
0 0.16953125 0.25859375 0.06953125 0.03203125
0 0.8015625 0.08203125 0.06171875 0.0328125
0 0.81171875 0.053125 0.05234375 0.025
0 0.7546875 0.14453125 0.05078125 0.04296875
0 0.76328125 0.0625 0.03828125 0.0375
0 0.71640625 0.05390625 0.0578125 0.0328125
0 0.6625 0.0421875 0.04765625 0.0375
0 0.60703125 0.03359375 0.06796875 0.0359375
0 0.54921875 0.01875 0.04609375 0.03671875
0 0.4953125 0.01953125 0.071875 0.03515625
0 0.43671875 0.01171875 0.06796875 0.02265625
0 0.39140625 0.0125 0.04140625 0.02421875
0 0.3546875 0.01875 0.0421875 0.01875
0 0.3109375 0.01171875 0.0484375 0.02265625
0 0.26953125 0.0109375 0.034375 0.02109375
0 0.2171875 0.0140625 0.06875 0.02734375
0 0.14921875 0.0171875 0.06796875 0.034375
0 0.83828125 0.00625 0.0546875 0.0125
0 0.88046875 0.0234375 0.0359375 0.02421875