0 0.78828125 0.40234375 0.06328125 0.03359375
0 0.9375 0.44140625 0.03515625 0.0203125
0 0.24453125 0.45625 0.10546875 0.05703125
0 0.453125 0.41015625 0.1046875 0.05859375
0 0.97109375 0.5328125 0.0578125 0.02890625
0 0.89921875 0.534375 0.0875 0.04296875
0 0.73203125 0.5328125 0.08515625 0.0375
0 0.671875 0.54453125 0.0515625 0.028125
0 0.62265625 0.54375 0.0484375 0.0265625
0 0.5765625 0.53515625 0.04921875 0.02734375
0 0.52421875 0.5421875 0.0546875 0.0296875
0 0.48359375 0.54921875 0.05625 0.03046875
0 0.42578125 0.5359375 0.0609375 0.03515625
0 0.3671875 0.54609375 0.0609375 0.0375
0 0.31015625 0.54921875 0.04296875 0.03046875
0 0.2609375 0.56953125 0.04296875 0.01953125
0 0.259375 0.54375 0.04609375 0.02734375
0 0.20390625 0.5296875 0.0453125 0.02578125
0 0.17421875 0.5640625 0.034375 0.02109375
0 0.20859375 0.55078125 0.03671875 0.01640625
0 0.13046875 0.5453125 0.03203125 0.025
0 0.16640625 0.546875 0.04140625 0.01875
0 0.32421875 0.62578125 0.05078125 0.025
0 0.93125 0.6359375 0.03671875 0.02109375
0 0.94140625 0.69375 0.084375 0.06015625
0 0.88515625 0.709375 0.03515625 0.01640625
0 0.8859375 0.76171875 0.0578125 0.0296875
0 0.82734375 0.8 0.090625 0.053125
0 0.8453125 0.87109375 0.040625 0.0171875
0 0.865625 0.85625 0.0359375 0.0234375
0 0.8140625 0.87890625 0.0453125 0.0296875
0 0.77734375 0.88671875 0.0484375 0.02890625
0 0.66328125 0.92265625 0.07109375 0.03671875
0 0.69609375 0.97890625 0.06015625 0.034375
0 0.61796875 0.928125 0.0296875 0.0234375
0 0.58984375 0.934375 0.05625 0.03125
0 0.5421875 0.9421875 0.0421875 0.02890625
0 0.50859375 0.95 0.04609375 0.03046875
0 0.45625 0.95234375 0.0578125 0.034375
0 0.40546875 0.9625 0.04296875 0.05078125
0 0.36015625 0.9546875 0.0421875 0.02578125
0 0.31015625 0.9578125 0.0421875 0.03046875
0 0.27421875 0.95859375 0.03828125 0.03203125
0 0.23515625 0.9609375 0.0453125 0.03671875
0 0.1921875 0.96171875 0.04140625 0.0390625
0 0.5234375 0.8328125 0.11640625 0.0703125
0 0.74765625 0.73828125 0.07421875 0.03828125
0 0.67265625 0.74375 0.065625 0.05390625
0 0.62421875 0.75 0.0328125 0.03828125
0 0.58671875 0.74921875 0.05078125 0.0328125
0 0.5234375 0.7609375 0.07421875 0.04453125
0 0.45859375 0.759375 0.0421875 0.0265625
0 0.41015625 0.76640625 0.07265625 0.04296875
0 0.34296875 0.76640625 0.06484375 0.03984375
0 0.28359375 0.75625 0.05859375 0.03203125
0 0.24140625 0.77421875 0.04609375 0.0296875
0 0.91484375 0.38359375 0.07265625 0.03125
0 0.753125 0.14921875 0.05625 0.03515625
0 0.7109375 0.1390625 0.03515625 0.02734375
0 0.67265625 0.1265625 0.0546875 0.0390625
0 0.6140625 0.121875 0.0609375 0.046875
0 0.55078125 0.1171875 0.065625 0.03359375
0 0.47890625 0.10390625 0.07578125 0.046875
0 0.4078125 0.09921875 0.06796875 0.0484375
0 0.3546875 0.08671875 0.03046875 0.03359375
0 0.3015625 0.09375 0.05859375 0.04609375
0 0.24296875 0.096875 0.0546875 0.046875
0 0.190625 0.09453125 0.0484375 0.06015625
0 0.2078125 0.1875 0.08203125 0.05078125
0 0.31484375 0.0296875 0.03984375 0.0234375
0 0.21015625 0.015625 0.03828125 0.0171875
0 0.478125 0.03671875 0.05546875 0.0390625
0 0.5453125 0.025 0.0890625 0.05
0 0.6671875 0.00390625 0.040625 0.0078125
0 0.72734375 0.0125 0.0484375 0.02265625
0 0.76953125 0.0171875 0.03515625 0.025
0 0.834375 0.0421875 0.0703125 0.04609375
0 0.7234375 0.32734375 0.040625 0.02265625
0 0.67109375 0.32578125 0.05625 0.0328125
0 0.5828125 0.30859375 0.125 0.053125
0 0.4859375 0.3015625 0.0765625 0.04921875
0 0.41484375 0.3 0.06953125 0.0421875
0 0.36796875 0.3078125 0.0640625 0.05078125
0 0.30703125 0.3015625 0.05703125 0.04140625
0 0.26171875 0.3 0.04765625 0.05546875
0 0.2015625 0.29453125 0.06875 0.0640625