0 0.91640625 0.46875 0.07734375 0.04609375
0 0.65234375 0.465625 0.06953125 0.0375
0 0.5859375 0.46328125 0.0734375 0.04296875
0 0.21796875 0.46640625 0.08203125 0.04296875
0 0.11796875 0.46640625 0.0984375 0.06171875
0 0.0296875 0.453125 0.059375 0.040625
0 0.30078125 0.371875 0.05234375 0.028125
0 0.27421875 0.3078125 0.109375 0.04609375
0 0.1921875 0.35703125 0.0859375 0.05703125
0 0.265625 0.21875 0.06640625 0.040625
0 0.19453125 0.2265625 0.07734375 0.04453125
0 0.61953125 0.22890625 0.05859375 0.0328125
0 0.959375 0.63046875 0.08125 0.03828125
0 0.815625 0.6421875 0.03125 0.02890625
0 0.87578125 0.63046875 0.0671875 0.0265625
0 0.72578125 0.6453125 0.1 0.0546875
0 0.61640625 0.65234375 0.1234375 0.05859375
0 0.509375 0.66875 0.1109375 0.04375
0 0.41640625 0.659375 0.08359375 0.03828125
0 0.28046875 0.6515625 0.05390625 0.03359375
0 0.20390625 0.66171875 0.0875 0.03828125
0 0.13359375 0.65234375 0.06640625 0.04140625
0 0.01953125 0.63828125 0.03828125 0.0375
0 0.06484375 0.64453125 0.05234375 0.02578125
0 0.27578125 0.75625 0.234375 0.08203125
0 0.01328125 0.76640625 0.02578125 0.02109375
0 0.09296875 0.859375 0.12265625 0.065625
0 0.05625 0.81171875 0.05703125 0.0328125
0 0.24921875 0.8734375 0.1859375 0.053125
0 0.4 0.8578125 0.071875 0.0421875
0 0.48359375 0.85390625 0.10625 0.0359375
0 0.5890625 0.85078125 0.13203125 0.059375
0 0.715625 0.84140625 0.12109375 0.06015625
0 0.840625 0.81484375 0.0734375 0.04375
0 0.903125 0.7984375 0.05234375 0.028125
0 0.9359375 0.778125 0.034375 0.02109375
0 0.69140625 0.9703125 0.146875 0.05546875
0 0.1515625 0.12578125 0.06484375 0.03125
0 0.16328125 0.0203125 0.10078125 0.040625
0 0.1296875 0.22421875 0.053125 0.0453125
0 0.403125 0.10390625 0.125 0.05625
0 0.4328125 0.01953125 0.096875 0.0390625
0 0.53359375 0.0578125 0.075 0.08125
0 0.61015625 0.05546875 0.08125 0.0421875
0 0.6890625 0.071875 0.05546875 0.03125
0 0.825 0.04296875 0.05546875 0.028125
0 0.85625 0.0109375 0.0640625 0.021875
0 0.1046875 0.9890625 0.071875 0.021875