0 0.296875 0.40703125 0.07890625 0.04453125
0 0.29453125 0.4609375 0.10546875 0.0484375
0 0.2890625 0.50390625 0.0875 0.05
0 0.3203125 0.5625 0.1921875 0.0625
0 0.31015625 0.34296875 0.08203125 0.04140625
0 0.40234375 0.3421875 0.09296875 0.03203125
0 0.31640625 0.30703125 0.08359375 0.03671875
0 0.33515625 0.2703125 0.12734375 0.03671875
0 0.34375 0.2390625 0.0484375 0.02109375
0 0.4234375 0.246875 0.05234375 0.025
0 0.32265625 0.1515625 0.07421875 0.0515625
0 0.1125 0.07578125 0.04296875 0.0359375
0 0.12578125 0.0453125 0.0609375 0.02265625
0 0.14375 0.0203125 0.05859375 0.015625
0 0.1375 0.00546875 0.06640625 0.0109375
0 0.3953125 0.0234375 0.07421875 0.046875
0 0.37421875 0.0765625 0.06484375 0.0484375
0 0.3953125 0.125 0.09765625 0.05234375
0 0.5296875 0.140625 0.08203125 0.04140625
0 0.45859375 0.13828125 0.03671875 0.02734375
0 0.525 0.01015625 0.1765625 0.0203125
0 0.69140625 0.0453125 0.08671875 0.0578125
0 0.6796875 0.00859375 0.04375 0.01640625
0 0.61328125 0.15234375 0.07421875 0.04296875
0 0.67890625 0.11640625 0.06484375 0.02109375
0 0.6984375 0.159375 0.1 0.040625
0 0.65390625 0.22421875 0.05078125 0.02109375
0 0.659375 0.20390625 0.05546875 0.0234375
0 0.678125 0.2671875 0.065625 0.040625
0 0.49375 0.33984375 0.078125 0.02890625
0 0.58984375 0.3421875 0.09296875 0.0359375
0 0.67734375 0.3390625 0.09375 0.04609375
0 0.67109375 0.3921875 0.08671875 0.05
0 0.66875 0.4359375 0.07421875 0.0359375
0 0.66171875 0.4796875 0.08671875 0.053125
0 0.921875 0.39140625 0.05078125 0.03125
0 0.9203125 0.45234375 0.0640625 0.0328125
0 0.49765625 0.559375 0.0875 0.034375
0 0.62734375 0.55 0.15078125 0.04765625
0 0.6546875 0.5953125 0.0796875 0.03671875
0 0.62265625 0.6375 0.06484375 0.03515625
0 0.625 0.68203125 0.0703125 0.05234375
0 0.625 0.73984375 0.0734375 0.0484375
0 0.61953125 0.7984375 0.06484375 0.0609375
0 0.5453125 0.7875 0.08828125 0.0359375
0 0.4078125 0.79296875 0.1203125 0.0421875
0 0.2703125 0.6296875 0.08046875 0.040625
0 0.27265625 0.6765625 0.06953125 0.046875
0 0.2765625 0.7328125 0.06015625 0.0609375
0 0.3828125 0.68984375 0.0640625 0.06328125
0 0.26328125 0.79375 0.06875 0.0328125
0 0.2625 0.81796875 0.06015625 0.0234375
0 0.275 0.85078125 0.05546875 0.03515625
0 0.2734375 0.8859375 0.059375 0.0296875
0 0.28046875 0.91796875 0.05703125 0.03359375
0 0.7578125 0.54765625 0.06328125 0.03046875
0 0.8265625 0.54453125 0.06484375 0.03671875
0 0.91796875 0.48359375 0.04921875 0.025
0 0.9203125 0.5328125 0.065625 0.03515625
0 0.91875 0.5078125 0.046875 0.01875
0 0.9765625 0.53125 0.04609375 0.03203125
0 0.90078125 0.5796875 0.07109375 0.034375
0 0.89140625 0.6609375 0.0671875 0.04609375
0 0.89921875 0.6203125 0.07421875 0.034375
0 0.959375 0.70625 0.05 0.03671875
0 0.90703125 0.71015625 0.05078125 0.034375
0 0.95625 0.7078125 0.00078125 0.00390625
0 0.8515625 0.74375 0.05625 0.03984375
0 0.8265625 0.8546875 0.0609375 0.06640625
0 0.884375 0.8609375 0.04375 0.02890625
0 0.9265625 0.84140625 0.02109375 0.03203125
0 0.60078125 0.846875 0.05 0.02734375
0 0.65078125 0.928125 0.05 0.0296875
0 0.57578125 0.93203125 0.06875 0.03046875
0 0.5890625 0.95703125 0.05078125 0.01484375
0 0.5796875 0.9921875 0.04609375 0.01484375
0 0.01796875 0.83203125 0.0359375 0.0484375
0 0.05703125 0.946875 0.07109375 0.10546875
0 0.19453125 0.98515625 0.05 0.02890625
0 0.3015625 0.98984375 0.09375 0.0203125
0 0.7828125 0.0453125 0.07734375 0.04453125
0 0.84375 0.06484375 0.0671875 0.03671875
0 0.84921875 0.02265625 0.06015625 0.04453125