0 0.03046875 0.74140625 0.0609375 0.084375
0 0.0265625 0.66171875 0.04765625 0.06640625
0 0.09921875 0.67734375 0.053125 0.09140625
0 0.17109375 0.7359375 0.05625 0.08984375
0 0.0859375 0.82734375 0.04609375 0.0796875
0 0.13203125 0.8828125 0.04296875 0.09453125
0 0.1734375 0.94453125 0.0390625 0.05546875
0 0.1125 0.115625 0.04140625 0.08203125
0 0.14375 0.1859375 0.0578125 0.07421875
0 0.1890625 0.34765625 0.0578125 0.084375
0 0.17421875 0.2671875 0.06015625 0.0671875
0 0.19296875 0.45 0.08125 0.078125
0 0.22109375 0.54609375 0.05 0.1140625
0 0.2578125 0.64375 0.065625 0.0875
0 0.30234375 0.7890625 0.0671875 0.06328125
0 0.28046875 0.721875 0.04453125 0.06875
0 0.328125 0.93046875 0.0390625 0.05
0 0.3359375 0.85078125 0.053125 0.05234375
0 0.36484375 0.91640625 0.0359375 0.07265625
0 0.40390625 0.975 0.06171875 0.05
0 0.678125 0.92578125 0.0609375 0.0984375
0 0.5 0.79921875 0.04296875 0.08203125
0 0.63046875 0.84375 0.0640625 0.08359375
0 0.61171875 0.75625 0.06875 0.08515625
0 0.59765625 0.66953125 0.0515625 0.078125
0 0.5703125 0.5765625 0.09296875 0.1125
0 0.54453125 0.48359375 0.0515625 0.07734375
0 0.52265625 0.3921875 0.06953125 0.1140625
0 0.46953125 0.25703125 0.08515625 0.146875
0 0.41953125 0.1421875 0.053125 0.0875
0 0.38359375 0.04453125 0.0734375 0.084375
0 0.9328125 0.92734375 0.03671875 0.13125
0 0.98515625 0.89140625 0.0296875 0.0453125
0 0.97421875 0.72890625 0.0515625 0.06015625
0 0.91953125 0.796875 0.0421875 0.09609375
0 0.9125 0.696875 0.04921875 0.0890625
0 0.859375 0.63828125 0.04921875 0.1015625
0 0.90390625 0.6265625 0.028125 0.0453125
0 0.83671875 0.51953125 0.05390625 0.11640625
0 0.81953125 0.40390625 0.046875 0.09140625
0 0.79296875 0.28984375 0.06953125 0.11640625
0 0.74375 0.21484375 0.040625 0.0875
0 0.7171875 0.134375 0.059375 0.07109375
0 0.653125 0.05078125 0.06796875 0.0859375
0 0.85 0.096875 0.0515625 0.05625
0 0.8859375 0.14921875 0.05546875 0.0578125
0 0.90546875 0.0953125 0.05390625 0.06015625
0 0.94375 0.1671875 0.05390625 0.06328125
0 0.97734375 0.26328125 0.0453125 0.12578125
0 0.88671875 0.315625 0.0265625 0.0484375
0 0.93515625 0.259375 0.02890625 0.04453125
0 0.9375 0.40078125 0.028125 0.0671875
0 0.98671875 0.440625 0.0265625 0.06171875
0 0.9765625 0.03984375 0.046875 0.07890625