0 0.0140625 0.15 0.02734375 0.08515625
0 0.01171875 0.0265625 0.0234375 0.053125
0 0.0671875 0.57578125 0.03984375 0.07109375
0 0.13671875 0.51171875 0.03828125 0.07890625
0 0.19140625 0.64765625 0.06484375 0.140625
0 0.16796875 0.53515625 0.03046875 0.05078125
0 0.18671875 0.46640625 0.03828125 0.06328125
0 0.075 0.94609375 0.1125 0.09921875
0 0.0765625 0.85703125 0.0671875 0.06953125
0 0.2234375 0.88984375 0.075 0.07890625
0 0.296875 0.74375 0.0328125 0.0890625
0 0.30546875 0.896875 0.0671875 0.09140625
0 0.29609375 0.521875 0.07109375 0.103125
0 0.29921875 0.42578125 0.06171875 0.06875
0 0.28984375 0.35390625 0.09921875 0.08671875
0 0.3140625 0.2703125 0.03828125 0.04375
0 0.30703125 0.2015625 0.07265625 0.08203125
0 0.26171875 0.0765625 0.10078125 0.10546875
0 0.3578125 0.0828125 0.0765625 0.1546875
0 0.1078125 0.14609375 0.01953125 0.05546875
0 0.1625 0.13984375 0.0515625 0.05703125
0 0.04765625 0.15234375 0.0328125 0.05
0 0.07734375 0.13046875 0.02421875 0.0421875
0 0.1265625 0.09765625 0.03828125 0.0328125
0 0.14140625 0.0515625 0.0421875 0.0328125
0 0.16484375 0.0140625 0.0453125 0.02734375
0 0.40234375 0.34609375 0.040625 0.0703125
0 0.3859375 0.2578125 0.04453125 0.07578125
0 0.3859375 0.509375 0.05234375 0.09140625
0 0.446875 0.478125 0.053125 0.090625
0 0.47265625 0.93515625 0.08515625 0.0953125
0 0.56875 0.92734375 0.09296875 0.09921875
0 0.66796875 0.9203125 0.090625 0.084375
0 0.596875 0.80703125 0.07109375 0.121875
0 0.54765625 0.646875 0.071875 0.075
0 0.63828125 0.6453125 0.09375 0.0765625
0 0.6 0.49765625 0.09296875 0.11875
0 0.615625 0.3640625 0.06953125 0.1671875
0 0.61015625 0.23984375 0.07109375 0.0484375
0 0.55546875 0.20703125 0.04609375 0.06640625
0 0.521875 0.0640625 0.059375 0.05703125
0 0.44921875 0.0640625 0.028125 0.0390625
0 0.70546875 0.0796875 0.071875 0.08828125
0 0.76640625 0.13046875 0.0421875 0.046875
0 0.76015625 0.49453125 0.103125 0.103125
0 0.7984375 0.90859375 0.08359375 0.11796875
0 0.90234375 0.8453125 0.059375 0.07421875
0 0.97421875 0.84375 0.03046875 0.05234375
0 0.971875 0.9828125 0.05546875 0.034375
0 0.865625 0.43828125 0.053125 0.04765625
0 0.9015625 0.35234375 0.07890625 0.06484375
0 0.86953125 0.5734375 0.06171875 0.13671875
0 0.9296875 0.50078125 0.05390625 0.0890625
0 0.9859375 0.45234375 0.028125 0.03828125
0 0.9640625 0.25546875 0.07109375 0.0703125
0 0.86484375 0.2703125 0.06015625 0.08125
0 0.978125 0.1828125 0.04375 0.078125
0 0.93359375 0.16171875 0.0640625 0.06796875
0 0.86171875 0.13359375 0.10625 0.0765625
0 0.8265625 0.05390625 0.06640625 0.10234375
0 0.96640625 0.034375 0.0640625 0.06875
0 0.603125 0.06875 0.0546875 0.121875
0 0.61875 0.15859375 0.05 0.05859375
0 0.0421875 0.47109375 0.084375 0.0765625
0 0.06171875 0.3921875 0.03671875 0.05625
0 0.1046875 0.37578125 0.0421875 0.07421875
0 0.1546875 0.26171875 0.0359375 0.05
0 0.78046875 0.2765625 0.05 0.0796875