0 0.0546875 0.61484375 0.103125 0.06328125
0 0.18984375 0.61953125 0.1515625 0.0671875
0 0.3359375 0.6171875 0.0859375 0.04921875
0 0.4328125 0.62734375 0.09765625 0.0546875
0 0.52890625 0.63046875 0.08984375 0.0546875
0 0.6140625 0.625 0.0546875 0.04375
0 0.678125 0.62421875 0.0609375 0.0421875
0 0.75 0.62421875 0.06796875 0.0375
0 0.78125 0.60234375 0.028125 0.01875
0 0.8171875 0.6203125 0.02421875 0.02890625
0 0.8828125 0.6140625 0.071875 0.03046875
0 0.9609375 0.609375 0.0578125 0.03203125
0 0.05078125 0.82109375 0.09609375 0.059375
0 0.16640625 0.8328125 0.0890625 0.0546875
0 0.2546875 0.84375 0.075 0.05703125
0 0.34140625 0.8421875 0.10234375 0.0609375
0 0.434375 0.84375 0.08203125 0.05078125
0 0.521875 0.8375 0.090625 0.04609375
0 0.59765625 0.83046875 0.06328125 0.034375
0 0.66015625 0.82109375 0.06796875 0.03828125
0 0.734375 0.81875 0.078125 0.0453125
0 0.8078125 0.796875 0.06796875 0.03359375
0 0.865625 0.7828125 0.09140625 0.04140625
0 0.92578125 0.76484375 0.0703125 0.03828125
0 0.55625 0.97265625 0.17734375 0.0390625
0 0.10703125 0.9796875 0.08515625 0.040625
0 0.25859375 0.97265625 0.19453125 0.046875
0 0.14921875 0.39140625 0.1046875 0.05703125
0 0.26875 0.384375 0.13203125 0.0640625
0 0.42734375 0.38828125 0.1953125 0.0796875
0 0.6234375 0.39375 0.18828125 0.08984375
0 0.80546875 0.41640625 0.16796875 0.0640625
0 0.94609375 0.43359375 0.10703125 0.0484375
0 0.696875 0.18828125 0.06796875 0.0515625
0 0.6203125 0.17734375 0.090625 0.05234375
0 0.540625 0.1671875 0.0625 0.04765625
0 0.4390625 0.1625 0.1328125 0.05859375
0 0.3046875 0.15078125 0.12265625 0.05859375
0 0.18515625 0.15390625 0.10078125 0.04453125
0 0.6296875 0.01953125 0.125 0.0390625
0 0.74609375 0.03828125 0.09375 0.0578125
0 0.8203125 0.065625 0.0484375 0.046875