0 0.259375 0.6390625 0.053125 0.09453125
0 0.3015625 0.840625 0.05 0.07890625
0 0.41015625 0.82890625 0.03984375 0.09375
0 0.42109375 0.9734375 0.0578125 0.053125
0 0.41328125 0.91171875 0.05234375 0.05234375
0 0.56875 0.9359375 0.0453125 0.0671875
0 0.5484375 0.73671875 0.04765625 0.078125
0 0.53203125 0.60859375 0.04140625 0.05703125
0 0.35234375 0.72265625 0.090625 0.09375
0 0.375 0.625 0.0453125 0.0640625
0 0.3984375 0.5328125 0.046875 0.14453125
0 0.3859375 0.26875 0.053125 0.07109375
0 0.43203125 0.31015625 0.05 0.0734375
0 0.38359375 0.34140625 0.0484375 0.0546875
0 0.43125 0.15 0.090625 0.1109375
0 0.39765625 0.07109375 0.03671875 0.04375
0 0.4046875 0.02734375 0.028125 0.0515625
0 0.009375 0.9265625 0.01875 0.05625
0 0.0265625 0.98828125 0.03359375 0.0234375
0 0.11875 0.96796875 0.0625 0.0640625
0 0.20234375 0.96875 0.08046875 0.0625
0 0.1703125 0.865625 0.06875 0.1171875
0 0.13671875 0.740625 0.05625 0.05
0 0.12734375 0.646875 0.07265625 0.09609375
0 0.12578125 0.55 0.04453125 0.08203125
0 0.15 0.39765625 0.13125 0.1828125
0 0.15 0.25078125 0.096875 0.10859375
0 0.1484375 0.1609375 0.03671875 0.04375
0 0.1765625 0.04609375 0.06796875 0.09140625
0 0.03046875 0.06015625 0.0296875 0.0484375
0 0.0078125 0.01484375 0.015625 0.02890625
0 0.5078125 0.4 0.04453125 0.096875
0 0.52421875 0.52265625 0.0375 0.06484375
0 0.54609375 0.47109375 0.034375 0.0453125
0 0.6046875 0.48515625 0.06015625 0.0984375
0 0.5890625 0.39140625 0.05078125 0.0859375
0 0.56953125 0.23515625 0.07109375 0.109375
0 0.54140625 0.0921875 0.0328125 0.05390625
0 0.6421875 0.0765625 0.02734375 0.05078125
0 0.63515625 0.0234375 0.034375 0.04609375
0 0.66328125 0.19921875 0.07109375 0.1609375
0 0.68125 0.35859375 0.040625 0.11796875
0 0.6890625 0.46953125 0.04921875 0.09140625
0 0.68125 0.56171875 0.046875 0.08515625
0 0.690625 0.64921875 0.053125 0.10078125
0 0.69453125 0.75859375 0.06484375 0.11328125
0 0.6828125 0.8375 0.059375 0.0609375
0 0.7734375 0.88203125 0.0359375 0.0421875
0 0.6765625 0.95 0.0625 0.1
0 0.88671875 0.984375 0.0375 0.03125
0 0.9046875 0.92265625 0.04921875 0.08046875
0 0.925 0.7859375 0.04609375 0.1
0 0.93515625 0.68359375 0.06171875 0.09140625
0 0.9390625 0.58046875 0.05546875 0.07890625
0 0.928125 0.48125 0.053125 0.1203125
0 0.9234375 0.38984375 0.05 0.04765625
0 0.91953125 0.30234375 0.0640625 0.09140625
0 0.75703125 0.2546875 0.04765625 0.1421875
0 0.896875 0.225 0.04765625 0.0625
0 0.89140625 0.178125 0.05078125 0.03203125
0 0.87109375 0.11328125 0.06015625 0.0703125
0 0.85546875 0.0609375 0.04609375 0.04140625
0 0.83671875 0.01953125 0.03828125 0.0375
0 0.88515625 0.01953125 0.0390625 0.0390625
0 0.971875 0.01796875 0.034375 0.0359375
0 0.98828125 0.0625 0.0234375 0.05078125
0 0.9859375 0.45078125 0.02421875 0.05546875