0 0.60078125 0.4359375 0.10234375 0.0546875
0 0.7234375 0.2921875 0.09375 0.05078125
0 0.61953125 0.28125 0.11328125 0.053125
0 0.50546875 0.2703125 0.10703125 0.05390625
0 0.390625 0.2671875 0.13046875 0.0515625
0 0.26875 0.26640625 0.1140625 0.046875
0 0.171875 0.26875 0.0953125 0.06171875
0 0.39609375 0.16640625 0.11953125 0.08046875
0 0.5046875 0.15859375 0.0921875 0.05546875
0 0.7765625 0.12421875 0.06484375 0.04296875
0 0.703125 0.10546875 0.06640625 0.040625
0 0.640625 0.0796875 0.06796875 0.0390625
0 0.57421875 0.08046875 0.078125 0.05546875
0 0.49921875 0.0671875 0.0703125 0.05703125
0 0.4296875 0.06484375 0.084375 0.05546875
0 0.36015625 0.0625 0.04765625 0.0421875
0 0.29140625 0.0640625 0.09921875 0.04296875
0 0.20546875 0.0625 0.08046875 0.04765625
0 0.11796875 0.0796875 0.078125 0.0515625
0 0.73203125 0.04453125 0.0453125 0.03203125
0 0.5796875 0.0140625 0.03515625 0.0125
0 0.77265625 0.034375 0.06953125 0.05859375
0 0.85078125 0.0140625 0.0953125 0.028125
0 0.95625 0.51484375 0.06015625 0.02890625
0 0.88984375 0.5203125 0.09921875 0.03828125
0 0.80546875 0.5234375 0.0875 0.03828125
0 0.71015625 0.52109375 0.10546875 0.0484375
0 0.61640625 0.52421875 0.02890625 0.02421875
0 0.6125 0.55 0.06171875 0.0265625
0 0.66640625 0.60078125 0.0359375 0.01875
0 0.55 0.509375 0.04765625 0.0234375
0 0.52109375 0.5359375 0.06015625 0.0328125
0 0.559375 0.534375 0.0375 0.01953125
0 0.46328125 0.52578125 0.05 0.02890625
0 0.41875 0.5265625 0.0453125 0.021875
0 0.36328125 0.53359375 0.06640625 0.03125
0 0.3015625 0.52578125 0.04921875 0.01953125
0 0.2484375 0.52265625 0.06875 0.0359375
0 0.9484375 0.68671875 0.04609375 0.025
0 0.9046875 0.69921875 0.046875 0.0359375
0 0.859375 0.70390625 0.0578125 0.02890625
0 0.8015625 0.71953125 0.059375 0.0359375
0 0.7875 0.78046875 0.08984375 0.04921875
0 0.75625 0.7203125 0.04453125 0.0203125
0 0.7171875 0.73828125 0.0625 0.0359375
0 0.66328125 0.73984375 0.05703125 0.03515625
0 0.6046875 0.73515625 0.0359375 0.025
0 0.565625 0.75234375 0.04921875 0.028125
0 0.45390625 0.76328125 0.0578125 0.02734375
0 0.4 0.76015625 0.0515625 0.02421875
0 0.33359375 0.7609375 0.08828125 0.0453125
0 0.24609375 0.77109375 0.06328125 0.034375
0 0.12734375 0.765625 0.0796875 0.05
0 0.0359375 0.7515625 0.071875 0.05078125
0 0.0625 0.93984375 0.075 0.0453125
0 0.3109375 0.95234375 0.16328125 0.0421875
0 0.484375 0.953125 0.11171875 0.034375
0 0.575 0.93125 0.07109375 0.034375
0 0.66484375 0.92578125 0.07890625 0.04609375
0 0.72578125 0.9046875 0.07109375 0.04921875
0 0.78125 0.88359375 0.08046875 0.0453125
0 0.8546875 0.86015625 0.09453125 0.0453125
0 0.975 0.40234375 0.05 0.04140625
0 0.76328125 0.3953125 0.07109375 0.03125
0 0.15390625 0.53046875 0.0859375 0.040625
0 0.078125 0.53203125 0.03828125 0.0328125
0 0.01953125 0.53046875 0.0390625 0.0359375
0 0.16953125 0.21640625 0.04296875 0.034375