0 0.28125 0.303125 0.04765625 0.05625
0 0.29140625 0.2453125 0.0421875 0.05
0 0.29296875 0.1515625 0.05078125 0.065625
0 0.290625 0.08046875 0.0515625 0.0578125
0 0.30703125 0.02109375 0.0390625 0.0421875
0 0.1015625 0.01796875 0.03984375 0.0359375
0 0.07265625 0.090625 0.0515625 0.096875
0 0.05078125 0.20703125 0.040625 0.07109375
0 0.03984375 0.3265625 0.04453125 0.07890625
0 0.0453125 0.5265625 0.04453125 0.090625
0 0.03359375 0.45 0.034375 0.05390625
0 0.05 0.61328125 0.0375 0.078125
0 0.0640625 0.71796875 0.04765625 0.13046875
0 0.08359375 0.81328125 0.03515625 0.03515625
0 0.0953125 0.85625 0.02890625 0.034375
0 0.1328125 0.96015625 0.0515625 0.07578125
0 0.0125 0.9671875 0.025 0.065625
0 0.22890625 0.84609375 0.109375 0.20078125
0 0.6203125 0.9703125 0.04140625 0.0515625
0 0.60546875 0.75859375 0.02734375 0.0671875
0 0.61328125 0.675 0.053125 0.0953125
0 0.60234375 0.5984375 0.04453125 0.0578125
0 0.58515625 0.53515625 0.05 0.08125
0 0.59296875 0.45078125 0.05234375 0.078125
0 0.60859375 0.38046875 0.05546875 0.059375
0 0.5765625 0.3390625 0.04296875 0.078125
0 0.57265625 0.26328125 0.07421875 0.065625
0 0.575 0.19921875 0.040625 0.05078125
0 0.5671875 0.1421875 0.05546875 0.0671875
0 0.56171875 0.0796875 0.040625 0.05625
0 0.54765625 0.01875 0.0296875 0.0375
0 0.5015625 0.11875 0.03125 0.04765625
0 0.734375 0.0171875 0.03828125 0.03359375
0 0.76875 0.071875 0.046875 0.04140625
0 0.775 0.16171875 0.0375 0.1125
0 0.8109375 0.28671875 0.04765625 0.07578125
0 0.8203125 0.3703125 0.05390625 0.084375
0 0.82734375 0.4734375 0.07578125 0.1125
0 0.8265625 0.5609375 0.03671875 0.046875
0 0.84765625 0.60625 0.03984375 0.03515625
0 0.8390625 0.8390625 0.04140625 0.071875
0 0.86015625 0.0140625 0.0296875 0.028125
0 0.91875 0.015625 0.03828125 0.03125
0 0.94453125 0.07109375 0.04140625 0.0671875
0 0.9875 0.2125 0.02421875 0.09921875
0 0.9765625 0.13359375 0.03515625 0.04765625
0 0.29453125 0.38515625 0.06171875 0.0890625
0 0.296875 0.5375 0.05859375 0.09296875
0 0.296875 0.4609375 0.0546875 0.05859375
0 0.26484375 0.53125 0.00078125 0.00078125
0 0.3234375 0.75625 0.05546875 0.07578125
0 0.315625 0.68671875 0.05078125 0.0609375
0 0.3109375 0.62265625 0.046875 0.06875
0 0.334375 0.85546875 0.04921875 0.0640625
0 0.35234375 0.95625 0.0421875 0.084375
0 0.35078125 0.90078125 0.01875 0.02421875