0 0.3765625 0.5515625 0.06640625 0.12109375
0 0.3984375 0.8609375 0.071875 0.09140625
0 0.475 0.83359375 0.03046875 0.04609375
0 0.40390625 0.965625 0.0703125 0.06328125
0 0.36953125 0.3234375 0.0609375 0.12109375
0 0.36640625 0.221875 0.04921875 0.07734375
0 0.37109375 0.1421875 0.05390625 0.06484375
0 0.37734375 0.053125 0.0546875 0.1
0 0.14375 0.08984375 0.0546875 0.06953125
0 0.1578125 0.02578125 0.053125 0.04453125
0 0.12109375 0.22109375 0.0765625 0.08203125
0 0.11484375 0.31640625 0.05625 0.06328125
0 0.11953125 0.41484375 0.0734375 0.065625
0 0.115625 0.5046875 0.0546875 0.09921875
0 0.12421875 0.68203125 0.0484375 0.08515625
0 0.1453125 0.784375 0.0421875 0.0859375
0 0.1578125 0.8609375 0.05078125 0.08828125
0 0.1890625 0.9515625 0.075 0.096875
0 0.103125 0.97578125 0.08125 0.0484375
0 0.025 0.94140625 0.04921875 0.11640625
0 0.0171875 0.84140625 0.03359375 0.065625
0 0.0609375 0.05625 0.02734375 0.046875
0 0.01484375 0.0328125 0.0296875 0.065625
0 0.6609375 0.9703125 0.053125 0.059375
0 0.66953125 0.90703125 0.0421875 0.05859375
0 0.68359375 0.84375 0.0453125 0.0640625
0 0.690625 0.75859375 0.0578125 0.096875
0 0.6875 0.58984375 0.0484375 0.075
0 0.6765625 0.48984375 0.059375 0.09453125
0 0.67734375 0.39765625 0.0515625 0.05
0 0.67421875 0.3375 0.05546875 0.0578125
0 0.66953125 0.25234375 0.05625 0.06953125
0 0.6484375 0.17578125 0.046875 0.06953125
0 0.64296875 0.09921875 0.04375 0.07578125
0 0.6359375 0.03046875 0.05078125 0.06015625
0 0.5890625 0.1125 0.05546875 0.07109375
0 0.83359375 0.04453125 0.03203125 0.0796875
0 0.7875 0.55859375 0.0296875 0.06640625
0 0.93046875 0.55234375 0.05078125 0.1296875
0 0.9875 0.56015625 0.025 0.0984375
0 0.91875 0.38984375 0.04765625 0.11015625
0 0.89921875 0.28046875 0.04140625 0.078125
0 0.9734375 0.29140625 0.05 0.09921875
0 0.85703125 0.1265625 0.03125 0.053125
0 0.8875 0.18046875 0.05390625 0.05390625
0 0.95859375 0.159375 0.0828125 0.09609375
0 0.9328125 0.07265625 0.0453125 0.06875
0 0.978125 0.034375 0.04375 0.06875
0 0.959375 0.7015625 0.04375 0.06953125
0 0.925 0.79453125 0.0765625 0.1421875
0 0.98984375 0.80078125 0.0203125 0.0421875
0 0.94296875 0.91953125 0.04765625 0.0515625
0 0.87890625 0.97734375 0.04296875 0.0453125
0 0.8859375 0.9171875 0.0359375 0.0546875