0 0.0609375 0.65 0.07578125 0.13203125
0 0.04609375 0.46875 0.04609375 0.05234375
0 0.040625 0.40859375 0.03828125 0.05234375
0 0.2046875 0.41328125 0.18828125 0.2328125
0 0.19453125 0.61015625 0.15390625 0.16328125
0 0.31796875 0.609375 0.0828125 0.16484375
0 0.41796875 0.48828125 0.05625 0.08671875
0 0.36640625 0.36171875 0.10078125 0.15703125
0 0.45859375 0.14921875 0.12734375 0.17109375
0 0.51015625 0.04375 0.04765625 0.0515625
0 0.68515625 0.25390625 0.046875 0.07734375
0 0.79140625 0.08046875 0.1796875 0.13984375
0 0.52265625 0.44765625 0.1015625 0.20234375
0 0.63046875 0.4234375 0.075 0.07265625
0 0.79765625 0.6390625 0.065625 0.121875
0 0.55390625 0.953125 0.09765625 0.09296875
0 0.35859375 0.9625 0.0421875 0.065625
0 0.42265625 0.9375 0.08515625 0.11484375
0 0.27578125 0.96875 0.05234375 0.0515625
0 0.1828125 0.96328125 0.13515625 0.0734375
0 0.178125 0.9 0.0390625 0.04296875
0 0.10390625 0.96328125 0.03984375 0.0515625
0 0.034375 0.95078125 0.06796875 0.07890625
0 0.93125 0.68515625 0.0484375 0.08828125
0 0.91015625 0.82109375 0.1078125 0.11484375
0 0.890625 0.92109375 0.04140625 0.03671875
0 0.9734375 0.9234375 0.053125 0.0921875
0 0.93828125 0.94921875 0.03125 0.0296875
0 0.90546875 0.97734375 0.04453125 0.04453125
0 0.984375 0.4375 0.03125 0.05078125
0 0.9359375 0.27578125 0.06875 0.10546875
0 0.01328125 0.11328125 0.0265625 0.0453125
0 0.08984375 0.02578125 0.0734375 0.05078125
0 0.17890625 0.01640625 0.0453125 0.0328125