0 0.1328125 0.50390625 0.07421875 0.034375
0 0.24921875 0.5109375 0.096875 0.05234375
0 0.284375 0.559375 0.075 0.0359375
0 0.38125 0.55625 0.07890625 0.03828125
0 0.46328125 0.56015625 0.05859375 0.046875
0 0.53359375 0.56328125 0.06015625 0.05
0 0.36875 0.2796875 0.0921875 0.0453125
0 0.1765625 0.27734375 0.12109375 0.046875
0 0.56875 0.309375 0.0734375 0.03203125
0 0.16484375 0.1265625 0.0859375 0.03203125
0 0.16171875 0.08984375 0.06484375 0.03203125
0 0.15234375 0.025 0.08203125 0.04453125
0 0.37421875 0.028125 0.09453125 0.03984375
0 0.70234375 0.025 0.1140625 0.05
0 0.82109375 0.05234375 0.053125 0.02421875
0 0.625 0.41953125 0.17734375 0.103125
0 0.7484375 0.51640625 0.10078125 0.04765625
0 0.77734375 0.55390625 0.08125 0.03515625
0 0.86640625 0.55859375 0.07890625 0.03515625
0 0.93046875 0.55859375 0.0609375 0.04296875
0 0.9765625 0.55859375 0.046875 0.034375
0 0.64921875 0.6296875 0.078125 0.0453125
0 0.18671875 0.696875 0.1734375 0.0734375
0 0.0109375 0.7515625 0.021875 0.028125
0 0.0671875 0.76015625 0.06875 0.04765625
0 0.1796875 0.778125 0.115625 0.06875
0 0.31328125 0.7671875 0.115625 0.0515625
0 0.51328125 0.76875 0.1140625 0.05390625
0 0.6203125 0.771875 0.07578125 0.0421875
0 0.72578125 0.7578125 0.0640625 0.03515625
0 0.7828125 0.76171875 0.0484375 0.03515625
0 0.83125 0.7328125 0.07109375 0.03125
0 0.921875 0.72734375 0.06796875 0.053125
0 0.059375 0.9359375 0.06796875 0.0296875
0 0.1703125 0.94140625 0.10859375 0.0390625
0 0.28203125 0.94765625 0.09765625 0.0328125
0 0.3734375 0.94921875 0.07265625 0.02421875
0 0.44609375 0.94765625 0.0578125 0.03125
0 0.525 0.93984375 0.078125 0.02890625
0 0.590625 0.93203125 0.06484375 0.034375
0 0.7203125 0.915625 0.06484375 0.0484375
0 0.71953125 0.8203125 0.06640625 0.04765625