0 0.45546875 0.03046875 0.08984375 0.05
0 0.14921875 0.0125 0.08359375 0.02421875
0 0.11015625 0.2078125 0.03828125 0.02734375
0 0.15234375 0.25234375 0.0578125 0.0328125
0 0.21796875 0.2390625 0.084375 0.046875
0 0.26015625 0.16953125 0.0703125 0.06796875
0 0.42578125 0.21484375 0.0875 0.04921875
0 0.5765625 0.05 0.12109375 0.04140625
0 0.67578125 0.06875 0.07421875 0.05234375
0 0.67890625 0.02578125 0.05546875 0.02734375
0 0.63828125 0.10859375 0.0671875 0.0359375
0 0.74609375 0.109375 0.06875 0.0328125
0 0.8 0.10859375 0.03125 0.02890625
0 0.821875 0.01171875 0.04609375 0.02265625
0 0.87578125 0.0171875 0.04453125 0.03359375
0 0.54921875 0.21875 0.13515625 0.0546875
0 0.5953125 0.184375 0.0578125 0.021875
0 0.61015625 0.1546875 0.06328125 0.03359375
0 0.71953125 0.1546875 0.04765625 0.01953125
0 0.503125 0.3453125 0.084375 0.0359375
0 0.528125 0.3109375 0.06796875 0.03359375
0 0.55859375 0.28046875 0.08515625 0.03125
0 0.39375 0.32109375 0.0984375 0.04921875
0 0.31171875 0.3734375 0.10078125 0.0453125
0 0.3046875 0.33984375 0.0578125 0.02578125
0 0.17265625 0.39140625 0.08828125 0.040625
0 0.24375 0.440625 0.1046875 0.0546875
0 0.08125 0.43203125 0.07265625 0.03984375
0 0.11015625 0.3921875 0.03671875 0.0390625
0 0.02734375 0.46015625 0.0546875 0.05703125
0 0.02265625 0.42265625 0.03125 0.0140625
0 0.04609375 0.5171875 0.0921875 0.04765625
0 0.41875 0.48046875 0.09453125 0.04140625
0 0.446875 0.4328125 0.06171875 0.0328125
0 0.52109375 0.41015625 0.0359375 0.02265625
0 0.5734375 0.41953125 0.05078125 0.03046875
0 0.36328125 0.57578125 0.11015625 0.07890625
0 0.825 0.37890625 0.0796875 0.04765625
0 0.784375 0.44921875 0.08984375 0.04375
0 0.79375 0.4140625 0.06875 0.02578125
0 0.71328125 0.42578125 0.07265625 0.0328125
0 0.715625 0.50859375 0.05234375 0.03046875
0 0.76875 0.49140625 0.05703125 0.03359375
0 0.62734375 0.453125 0.1125 0.084375
0 0.64296875 0.51640625 0.0578125 0.0296875
0 0.58125 0.51875 0.071875 0.0359375
0 0.5015625 0.52734375 0.0765625 0.0453125
0 0.64453125 0.5828125 0.071875 0.0484375
0 0.55546875 0.5671875 0.09453125 0.0421875
0 0.48125 0.590625 0.07265625 0.06484375
0 0.55546875 0.61328125 0.07265625 0.04140625
0 0.0265625 0.65234375 0.053125 0.0515625
0 0.01484375 0.72265625 0.02890625 0.0765625
0 0.015625 0.81875 0.03046875 0.0328125
0 0.115625 0.9515625 0.07578125 0.059375
0 0.190625 0.978125 0.0609375 0.0359375
0 0.21796875 0.92265625 0.084375 0.06015625
0 0.21171875 0.7734375 0.071875 0.0546875
0 0.29609375 0.71171875 0.11015625 0.1140625
0 0.4203125 0.70625 0.10625 0.0875
0 0.575 0.66484375 0.1015625 0.04453125
0 0.5140625 0.73984375 0.05859375 0.0578125
0 0.56328125 0.709375 0.0296875 0.0296875
0 0.4453125 0.78046875 0.084375 0.0625
0 0.81640625 0.82421875 0.05546875 0.04296875
0 0.85 0.8578125 0.03984375 0.0328125
0 0.7703125 0.8921875 0.090625 0.0640625
0 0.55625 0.8921875 0.0640625 0.04609375
0 0.53671875 0.94375 0.1171875 0.03359375
0 0.51875 0.98046875 0.115625 0.03515625
0 0.9140625 0.63046875 0.0625 0.034375