0 0.29921875 0.4859375 0.0796875 0.0375
0 0.2828125 0.5296875 0.10390625 0.053125
0 0.171875 0.63671875 0.1375 0.08203125
0 0.2953125 0.6140625 0.08515625 0.0765625
0 0.31328125 0.66953125 0.05234375 0.0375
0 0.32890625 0.70859375 0.08671875 0.0375
0 0.32734375 0.74140625 0.09296875 0.034375
0 0.3390625 0.803125 0.05234375 0.05625
0 0.04765625 0.803125 0.0609375 0.03203125
0 0.02109375 0.69609375 0.04140625 0.10859375
0 0.2953125 0.396875 0.07109375 0.03671875
0 0.2953125 0.3609375 0.06875 0.0359375
0 0.29140625 0.31953125 0.0765625 0.0484375
0 0.3015625 0.271875 0.090625 0.0390625
0 0.30078125 0.23125 0.071875 0.04375
0 0.31015625 0.1609375 0.071875 0.0609375
0 0.3109375 0.10390625 0.0796875 0.0453125
0 0.31796875 0.05234375 0.0796875 0.0546875
0 0.39296875 0.03515625 0.03984375 0.02265625
0 0.43125 0.0515625 0.04375 0.0203125
0 0.44453125 0.1515625 0.05625 0.028125
0 0.5109375 0.203125 0.03828125 0.0203125
0 0.62734375 0.2140625 0.06484375 0.02734375
0 0.6421875 0.2671875 0.05546875 0.028125
0 0.6421875 0.30234375 0.07421875 0.04609375
0 0.6265625 0.1625 0.10234375 0.053125
0 0.6203125 0.1078125 0.07265625 0.0390625
0 0.6203125 0.05703125 0.0734375 0.025
0 0.609375 0.01953125 0.07890625 0.0390625
0 0.79140625 0.025 0.04296875 0.028125
0 0.7875 0.00390625 0.04375 0.0078125
0 0.80390625 0.05234375 0.05546875 0.02421875
0 0.82109375 0.084375 0.02421875 0.01875
0 0.89921875 0.390625 0.053125 0.0296875
0 0.64453125 0.378125 0.03515625 0.01640625
0 0.6734375 0.39765625 0.06328125 0.025
0 0.6734375 0.42421875 0.0609375 0.03203125
0 0.67109375 0.4625 0.071875 0.04453125
0 0.67109375 0.51953125 0.07578125 0.04765625
0 0.6703125 0.55859375 0.06484375 0.034375
0 0.6765625 0.60625 0.06484375 0.05390625
0 0.67578125 0.68125 0.059375 0.03203125
0 0.67734375 0.71953125 0.06171875 0.0359375
0 0.66875 0.7625 0.0640625 0.05234375
0 0.66953125 0.81328125 0.06484375 0.04140625
0 0.91015625 0.4359375 0.04921875 0.02265625
0 0.91484375 0.4609375 0.0421875 0.02578125
0 0.915625 0.49765625 0.05078125 0.0265625
0 0.91875 0.528125 0.06171875 0.03671875
0 0.91953125 0.56328125 0.0671875 0.0359375
0 0.92109375 0.6046875 0.06484375 0.04296875
0 0.92265625 0.63984375 0.0734375 0.02734375
0 0.9109375 0.6671875 0.0671875 0.0328125
0 0.90703125 0.69921875 0.0578125 0.0375
0 0.9015625 0.765625 0.05625 0.0296875
0 0.86328125 0.8171875 0.0453125 0.028125
0 0.8890625 0.84296875 0.0421875 0.02890625
0 0.86796875 0.865625 0.03671875 0.01640625
0 0.71484375 0.8734375 0.0421875 0.025
0 0.6671875 0.8640625 0.05625 0.03203125
0 0.665625 0.89765625 0.05703125 0.03515625
0 0.59453125 0.9 0.084375 0.04921875
0 0.54140625 0.72421875 0.06015625 0.03828125
0 0.4984375 0.80234375 0.06484375 0.03671875
0 0.4625 0.915625 0.08203125 0.03125
0 0.36796875 0.909375 0.0796875 0.07421875
0 0.38125 0.9734375 0.0609375 0.03828125
0 0.2546875 0.953125 0.17734375 0.04453125
0 0.184375 0.8796875 0.1171875 0.0671875
0 0.090625 0.9390625 0.07578125 0.05390625
0 0.121875 0.39765625 0.04296875 0.02734375
0 0.42265625 0.3671875 0.04765625 0.03046875
0 0.4421875 0.64765625 0.0609375 0.028125
0 0.55703125 0.54921875 0.05390625 0.0234375
0 0.71875 0.98203125 0.075 0.0359375