0 0.15234375 0.6453125 0.0453125 0.0796875
0 0.275 0.73515625 0.1953125 0.2265625
0 0.15078125 0.946875 0.0359375 0.04921875
0 0.22578125 0.89765625 0.0234375 0.04140625
0 0.1 0.915625 0.0625 0.07421875
0 0.0359375 0.87421875 0.06953125 0.07734375
0 0.02109375 0.9578125 0.0421875 0.04921875
0 0.05078125 0.2 0.0953125 0.059375
0 0.13984375 0.19921875 0.0609375 0.06953125
0 0.20078125 0.2234375 0.05625 0.0859375
0 0.3390625 0.3828125 0.07109375 0.1
0 0.2296875 0.0875 0.05 0.05390625
0 0.034375 0.075 0.06796875 0.0703125
0 0.01953125 0.01640625 0.0390625 0.03203125
0 0.0625 0.00703125 0.01875 0.0140625
0 0.29765625 0.203125 0.09453125 0.15390625
0 0.38984375 0.2578125 0.06796875 0.065625
0 0.44921875 0.28203125 0.04921875 0.0671875
0 0.52265625 0.3015625 0.0890625 0.09765625
0 0.5890625 0.21015625 0.071875 0.10703125
0 0.6515625 0.25625 0.05078125 0.0625
0 0.6484375 0.36328125 0.04375 0.11953125
0 0.66171875 0.56328125 0.03671875 0.0640625
0 0.653125 0.61875 0.03828125 0.0421875
0 0.4640625 0.7671875 0.0765625 0.07109375
0 0.521875 0.72734375 0.0265625 0.0234375
0 0.5796875 0.80390625 0.0453125 0.06171875
0 0.66640625 0.734375 0.0921875 0.11796875
0 0.63671875 0.8390625 0.06640625 0.1
0 0.65546875 0.95078125 0.0640625 0.0984375
0 0.72890625 0.8390625 0.103125 0.0953125
0 0.7125 0.4078125 0.0328125 0.04765625
0 0.76328125 0.4484375 0.06328125 0.08671875
0 0.865625 0.96953125 0.04375 0.0609375
0 0.8203125 0.84453125 0.0375 0.0625
0 0.8796875 0.86953125 0.06796875 0.11015625
0 0.93125 0.846875 0.025 0.03828125
0 0.96953125 0.840625 0.0609375 0.065625
0 0.88828125 0.6953125 0.10234375 0.20859375
0 0.978125 0.68125 0.04375 0.05
0 0.90859375 0.53515625 0.0453125 0.06484375
0 0.95546875 0.48515625 0.08828125 0.1171875
0 0.87421875 0.453125 0.06796875 0.0796875
0 0.8953125 0.3640625 0.06875 0.071875
0 0.8890625 0.2984375 0.04609375 0.05546875
0 0.88203125 0.24453125 0.05 0.05625
0 0.86875 0.19296875 0.04375 0.040625
0 0.85859375 0.1203125 0.06953125 0.10390625
0 0.9171875 0.16484375 0.02890625 0.0484375
0 0.9875 0.23359375 0.025 0.128125
0 0.95703125 0.05703125 0.0859375 0.1140625
0 0.81796875 0.04296875 0.053125 0.03984375
0 0.77890625 0.0796875 0.040625 0.04375
0 0.815625 0.10078125 0.0296875 0.0375
0 0.73125 0.06953125 0.0546875 0.0765625
0 0.67890625 0.04140625 0.04453125 0.0640625
0 0.63203125 0.05546875 0.05234375 0.0921875
0 0.59140625 0.021875 0.03359375 0.04375
0 0.53515625 0.07578125 0.0375 0.0421875
0 0.546875 0.0140625 0.0421875 0.02734375