0 0.0109375 0.65859375 0.021875 0.0421875
0 0.015625 0.521875 0.03125 0.028125
0 0.03984375 0.50234375 0.05703125 0.0203125
0 0.01484375 0.44921875 0.0296875 0.0296875
0 0.046875 0.425 0.059375 0.01328125
0 0.0703125 0.44453125 0.05234375 0.02265625
0 0.01484375 0.7453125 0.0296875 0.034375
0 0.090625 0.94375 0.05 0.05703125
0 0.171875 0.9671875 0.04765625 0.03046875
0 0.13984375 0.921875 0.025 0.02265625
0 0.190625 0.9109375 0.06484375 0.03828125
0 0.25234375 0.89296875 0.0609375 0.03046875
0 0.225 0.85703125 0.053125 0.0453125
0 0.1375 0.8609375 0.0578125 0.028125
0 0.1671875 0.8328125 0.03203125 0.021875
0 0.19140625 0.77265625 0.05703125 0.05546875
0 0.2203125 0.815625 0.06796875 0.02421875
0 0.25234375 0.78984375 0.04375 0.02578125
0 0.26953125 0.734375 0.0734375 0.05703125
0 0.26875 0.67421875 0.1078125 0.0546875
0 0.42265625 0.6875 0.0515625 0.03671875
0 0.4765625 0.74453125 0.08671875 0.03359375
0 0.44765625 0.784375 0.109375 0.046875
0 0.35546875 0.81328125 0.0453125 0.01875
0 0.5421875 0.71796875 0.0328125 0.01875
0 0.55546875 0.6765625 0.08203125 0.0609375
0 0.54375 0.61953125 0.0484375 0.03828125
0 0.5875 0.60859375 0.03671875 0.01484375
0 0.60859375 0.58046875 0.08046875 0.03984375
0 0.53828125 0.5640625 0.065625 0.0421875
0 0.45390625 0.5875 0.07890625 0.05546875
0 0.46328125 0.5328125 0.053125 0.03671875
0 0.5515625 0.51953125 0.0578125 0.03984375
0 0.403125 0.478125 0.05859375 0.0328125
0 0.4265625 0.43671875 0.0609375 0.03828125
0 0.3390625 0.57265625 0.09609375 0.084375
0 0.29296875 0.375 0.11171875 0.04375
0 0.22578125 0.446875 0.0953125 0.0625
0 0.15234375 0.3921875 0.10625 0.04921875
0 0.28984375 0.340625 0.0578125 0.02265625
0 0.36484375 0.321875 0.0890625 0.0453125
0 0.3015625 0.27734375 0.03203125 0.0203125
0 0.2546875 0.26328125 0.0578125 0.02265625
0 0.2640625 0.24140625 0.0484375 0.01640625
0 0.190625 0.23515625 0.0859375 0.0453125
0 0.13515625 0.2546875 0.0421875 0.02890625
0 0.225 0.1890625 0.0390625 0.015625
0 0.23359375 0.15625 0.0609375 0.0359375
0 0.259375 0.1203125 0.03359375 0.02890625
0 0.43359375 0.02421875 0.07734375 0.03984375
0 0.1546875 0.0125 0.075 0.02421875
0 0.54140625 0.04453125 0.03984375 0.03359375
0 0.5828125 0.05 0.04453125 0.03515625
0 0.64453125 0.0640625 0.07890625 0.04609375
0 0.64140625 0.0328125 0.05078125 0.021875
0 0.66015625 0.01328125 0.05703125 0.021875
0 0.61953125 0.10625 0.10703125 0.0359375
0 0.73671875 0.1046875 0.046875 0.03828125
0 0.7890625 0.10546875 0.04140625 0.03125
0 0.80234375 0.00625 0.0484375 0.0125
0 0.8734375 0.01796875 0.04375 0.0359375
0 0.75078125 0.05 0.05 0.03125
0 0.596875 0.1546875 0.05546875 0.0296875
0 0.70078125 0.14921875 0.03828125 0.02421875
0 0.55859375 0.2078125 0.0421875 0.0265625
0 0.56484375 0.18203125 0.05546875 0.01953125
0 0.4125 0.22578125 0.08125 0.05234375
0 0.53359375 0.2734375 0.075 0.0265625
0 0.5015625 0.3078125 0.07421875 0.04765625
0 0.48359375 0.34765625 0.0640625 0.034375
0 0.54921875 0.4171875 0.0421875 0.02578125
0 0.609375 0.42421875 0.05625 0.0734375
0 0.8015625 0.38125 0.06875 0.03359375
0 0.784375 0.41484375 0.08125 0.0328125
0 0.70625 0.4265625 0.0625 0.021875
0 0.7625 0.4703125 0.046875 0.0703125
0 0.690625 0.503125 0.07265625 0.0359375
0 0.63203125 0.5203125 0.05625 0.0359375
0 0.90078125 0.63984375 0.05 0.021875
0 0.96171875 0.70078125 0.03046875 0.0234375
0 0.8 0.84765625 0.04765625 0.01953125
0 0.928125 0.7578125 0.04296875 0.04453125
0 0.7578125 0.9015625 0.07109375 0.0671875
0 0.53125 0.8859375 0.065625 0.028125
0 0.53125 0.9453125 0.06953125 0.03828125
0 0.8453125 0.8640625 0.04609375 0.0578125
0 0.7953125 0.81328125 0.065625 0.028125