0 0.209375 0.965625 0.0671875 0.06875
0 0.1703125 0.875 0.084375 0.0859375
0 0.1296875 0.76875 0.07734375 0.07890625
0 0.0546875 0.6953125 0.06171875 0.11640625
0 0.0375 0.97421875 0.059375 0.0515625
0 0.10234375 0.58984375 0.06328125 0.08984375
0 0.128125 0.66796875 0.071875 0.05859375
0 0.08203125 0.4796875 0.06484375 0.10234375
0 0.08125 0.38046875 0.065625 0.08359375
0 0.0671875 0.23359375 0.07734375 0.14296875
0 0.0359375 0.0796875 0.05625 0.0703125
0 0.08984375 0.10703125 0.0515625 0.096875
0 0.0953125 0.01484375 0.028125 0.0296875
0 0.15546875 0.0734375 0.065625 0.14609375
0 0.22734375 0.11875 0.04296875 0.10078125
0 0.23515625 0.0296875 0.08515625 0.059375
0 0.3109375 0.03046875 0.053125 0.0609375
0 0.315625 0.1734375 0.07265625 0.14296875
0 0.27109375 0.37109375 0.0640625 0.19296875
0 0.33203125 0.39609375 0.0546875 0.109375
0 0.328125 0.2953125 0.04765625 0.08046875
0 0.34375 0.59375 0.06015625 0.09375
0 0.3390625 0.5 0.05703125 0.08125
0 0.37109375 0.740625 0.04921875 0.06875
0 0.359375 0.67578125 0.034375 0.04765625
0 0.39140625 0.83046875 0.0640625 0.09375
0 0.41328125 0.93671875 0.0640625 0.1265625
0 0.525 0.79375 0.0578125 0.09375
0 0.6171875 0.39140625 0.06796875 0.1484375
0 0.64609375 0.5140625 0.03984375 0.08984375
0 0.66171875 0.653125 0.07109375 0.14609375
0 0.67109375 0.81171875 0.07734375 0.15546875
0 0.56640625 0.9171875 0.05703125 0.07109375
0 0.68125 0.9734375 0.08203125 0.053125
0 0.61484375 0.25625 0.059375 0.078125
0 0.590625 0.16015625 0.06328125 0.09296875
0 0.58046875 0.0578125 0.0640625 0.09921875
0 0.86875 0.365625 0.06171875 0.0609375
0 0.8578125 0.29453125 0.034375 0.06015625
0 0.83125 0.1375 0.0328125 0.0609375
0 0.91171875 0.59765625 0.04140625 0.07421875
0 0.89140625 0.47578125 0.0859375 0.1390625
0 0.9234375 0.721875 0.0515625 0.10390625
0 0.9296875 0.8109375 0.0515625 0.08125
0 0.92109375 0.91796875 0.071875 0.128125
0 0.94921875 0.0171875 0.034375 0.03359375
0 0.9734375 0.05546875 0.02421875 0.05234375
0 0.9921875 0.125 0.015625 0.05