0 0.46875 0.36015625 0.03984375 0.06953125
0 0.43359375 0.2359375 0.0328125 0.03125
0 0.403125 0.3203125 0.0421875 0.05625
0 0.3390625 0.24609375 0.09140625 0.08046875
0 0.2515625 0.18671875 0.0296875 0.05390625
0 0.2 0.15 0.05 0.0625
0 0.14765625 0.14609375 0.06171875 0.0671875
0 0.103125 0.115625 0.03671875 0.05078125
0 0.0453125 0.09765625 0.0546875 0.046875
0 0.009375 0.0765625 0.01875 0.05390625
0 0.39453125 0.8203125 0.053125 0.0609375
0 0.48671875 0.88515625 0.05 0.08359375
0 0.528125 0.91640625 0.021875 0.04609375
0 0.57421875 0.95234375 0.0375 0.05625
0 0.6390625 0.98203125 0.025 0.03515625
0 0.67734375 0.98515625 0.03359375 0.0296875
0 0.19296875 0.79453125 0.04453125 0.0640625
0 0.146875 0.78359375 0.028125 0.034375
0 0.05078125 0.84609375 0.0578125 0.0640625
0 0.0109375 0.7984375 0.021875 0.03515625
0 0.02734375 0.91328125 0.0484375 0.06484375
0 0.27890625 0.7234375 0.03203125 0.0734375
0 0.2390625 0.68359375 0.03828125 0.0734375
0 0.19296875 0.65625 0.04609375 0.06875
0 0.146875 0.60234375 0.05234375 0.0671875
0 0.1015625 0.5484375 0.05234375 0.07265625
0 0.0453125 0.4875 0.053125 0.08984375
0 0.03203125 0.3546875 0.025 0.04375
0 0.05 0.2453125 0.028125 0.04453125
0 0.51640625 0.71171875 0.05 0.08515625
0 0.58203125 0.7796875 0.02890625 0.07265625
0 0.7171875 0.715625 0.071875 0.15234375
0 0.809375 0.71171875 0.05078125 0.0859375
0 0.8984375 0.98203125 0.04453125 0.03515625
0 0.84765625 0.94609375 0.04375 0.071875
0 0.88984375 0.86171875 0.0484375 0.06875
0 0.9234375 0.74921875 0.07421875 0.1109375
0 0.9375 0.65390625 0.0609375 0.1
0 0.95703125 0.51953125 0.03359375 0.0734375
0 0.84921875 0.3796875 0.046875 0.08671875
0 0.55546875 0.0125 0.02421875 0.025
0 0.584375 0.0421875 0.028125 0.05625
0 0.6375 0.06953125 0.034375 0.04453125
0 0.675 0.08828125 0.0453125 0.04921875
0 0.7046875 0.04375 0.028125 0.03125
0 0.8140625 0.05 0.1 0.1
0 0.778125 0.1546875 0.04921875 0.0515625
0 0.81953125 0.20546875 0.0671875 0.06953125
0 0.878125 0.2625 0.04765625 0.06171875
0 0.91875 0.3328125 0.07109375 0.084375
0 0.9734375 0.3515625 0.05234375 0.18203125
0 0.97421875 0.2078125 0.0515625 0.08125
0 0.9796875 0.1328125 0.040625 0.08046875
0 0.96796875 0.040625 0.0640625 0.08125