0 0.29453125 0.39296875 0.06171875 0.02734375
0 0.403125 0.30234375 0.05703125 0.0328125
0 0.2703125 0.3078125 0.03671875 0.02109375
0 0.25703125 0.26171875 0.06796875 0.0625
0 0.240625 0.2171875 0.05234375 0.0234375
0 0.24140625 0.16875 0.06796875 0.03125
0 0.225 0.12578125 0.08203125 0.0515625
0 0.2140625 0.0796875 0.046875 0.02421875
0 0.22578125 0.046875 0.06953125 0.034375
0 0.22109375 0.01484375 0.04375 0.02109375
0 0.50859375 0.03125 0.04453125 0.02734375
0 0.74765625 0.01953125 0.0640625 0.0390625
0 0.77734375 0.09296875 0.06484375 0.0515625
0 0.86328125 0.01796875 0.0375 0.03125
0 0.31640625 0.45859375 0.0765625 0.0296875
0 0.3296875 0.52734375 0.1078125 0.07109375
0 0.63046875 0.30703125 0.05390625 0.0265625
0 0.64375 0.3734375 0.05625 0.0375
0 0.6734375 0.43046875 0.06484375 0.04375
0 0.7265625 0.51640625 0.05234375 0.0359375
0 0.8265625 0.52890625 0.06015625 0.05390625
0 0.72578125 0.63984375 0.05859375 0.02734375
0 0.73984375 0.67265625 0.053125 0.034375
0 0.75078125 0.746875 0.05390625 0.05234375
0 0.7640625 0.8140625 0.05390625 0.075
0 0.78125 0.87265625 0.07421875 0.02421875
0 0.9546875 0.6015625 0.059375 0.04375
0 0.9578125 0.5671875 0.0578125 0.03125
0 0.94375 0.646875 0.08203125 0.03984375
0 0.8890625 0.6984375 0.07578125 0.0578125
0 0.95546875 0.72265625 0.03515625 0.1109375
0 0.309375 0.953125 0.04375 0.021875
0 0.33828125 0.8890625 0.0625 0.03515625
0 0.19765625 0.96796875 0.05390625 0.0296875
0 0.18828125 0.9375 0.07265625 0.0296875
0 0.16875 0.903125 0.0875 0.0453125
0 0.14765625 0.8359375 0.05703125 0.02578125
0 0.12421875 0.79921875 0.075 0.0375
0 0.10390625 0.7671875 0.05703125 0.02890625
0 0.0859375 0.734375 0.06875 0.0359375
0 0.05625 0.69609375 0.06640625 0.0296875
0 0.0390625 0.6578125 0.065625 0.046875
0 0.07421875 0.60390625 0.05546875 0.04375
0 0.02265625 0.6078125 0.0453125 0.04921875
0 0.01328125 0.55625 0.0265625 0.034375
0 0.0109375 0.490625 0.021875 0.02265625
0 0.12890625 0.4234375 0.05078125 0.02109375
0 0.509375 0.928125 0.078125 0.04140625
0 0.6078125 0.8953125 0.03203125 0.021875
0 0.584375 0.84140625 0.040625 0.034375
0 0.428125 0.784375 0.05390625 0.04140625
0 0.41171875 0.728125 0.06328125 0.0359375
0 0.3890625 0.696875 0.05078125 0.02734375
0 0.39140625 0.66796875 0.07265625 0.02734375
0 0.35625 0.61953125 0.06484375 0.04375
0 0.44765625 0.8390625 0.07265625 0.03828125
0 0.47421875 0.88125 0.09296875 0.0453125
0 0.94140625 0.5 0.05234375 0.03984375
0 0.9296875 0.45625 0.07109375 0.04609375
0 0.925 0.40703125 0.09453125 0.04765625