0 0.4046875 0.4484375 0.0671875 0.04375
0 0.4734375 0.44375 0.04453125 0.03671875
0 0.68515625 0.45859375 0.09453125 0.04375
0 0.78203125 0.459375 0.09609375 0.040625
0 0.85 0.4734375 0.0390625 0.034375
0 0.92109375 0.4734375 0.08515625 0.0453125
0 0.97890625 0.47890625 0.04140625 0.03125
0 0.2625 0.4421875 0.0640625 0.040625
0 0.18125 0.440625 0.05390625 0.03046875
0 0.096875 0.43671875 0.1421875 0.0390625
0 0.190625 0.2015625 0.1203125 0.04609375
0 0.3109375 0.20234375 0.08515625 0.02890625
0 0.37578125 0.203125 0.0546875 0.040625
0 0.4484375 0.2203125 0.09609375 0.0390625
0 0.55 0.23046875 0.06875 0.0234375
0 0.61015625 0.23203125 0.0671875 0.0375
0 0.671875 0.23359375 0.06875 0.03046875
0 0.77421875 0.265625 0.03203125 0.02109375
0 0.72890625 0.06953125 0.1203125 0.0625
0 0.59765625 0.0390625 0.1 0.05078125
0 0.4890625 0.025 0.13671875 0.03125
0 0.86484375 0.009375 0.065625 0.01875
0 0.21015625 0.01640625 0.20703125 0.03203125
0 0.0328125 0.52890625 0.05546875 0.03359375
0 0.015625 0.65 0.03125 0.04296875
0 0.053125 0.6375 0.04140625 0.04609375
0 0.125 0.64765625 0.08203125 0.040625
0 0.190625 0.64375 0.053125 0.03515625
0 0.26015625 0.64296875 0.05078125 0.0359375
0 0.53671875 0.6546875 0.06171875 0.0296875
0 0.68203125 0.65234375 0.075 0.03828125
0 0.76640625 0.63828125 0.06171875 0.0359375
0 0.83984375 0.63125 0.0703125 0.034375
0 0.8953125 0.6203125 0.059375 0.0265625
0 0.9578125 0.61796875 0.06796875 0.03046875
0 0.88828125 0.7890625 0.0578125 0.03515625
0 0.94765625 0.775 0.04921875 0.02890625
0 0.825 0.80859375 0.0859375 0.03203125
0 0.734375 0.8296875 0.08671875 0.04453125
0 0.09609375 0.83515625 0.0375 0.0265625
0 0.1609375 0.83359375 0.08671875 0.03515625
0 0.246875 0.8453125 0.08203125 0.04453125
0 0.321875 0.84765625 0.08125 0.03046875
0 0.46796875 0.85078125 0.10703125 0.04765625
0 0.58984375 0.8359375 0.15859375 0.05625
0 0.63828125 0.89453125 0.08203125 0.02890625
0 0.70390625 0.97109375 0.146875 0.0578125
0 0.45625 0.9890625 0.14140625 0.021875