0 0.4328125 0.52109375 0.04765625 0.0203125
0 0.3671875 0.5234375 0.05078125 0.028125
0 0.309375 0.5109375 0.05078125 0.03359375
0 0.27109375 0.53203125 0.03515625 0.02265625
0 0.20703125 0.525 0.06171875 0.0296875
0 0.16015625 0.51328125 0.04921875 0.0265625
0 0.11640625 0.52109375 0.04765625 0.03203125
0 0.075 0.5265625 0.04375 0.0296875
0 0.04296875 0.50625 0.04765625 0.0265625
0 0.0171875 0.52734375 0.03359375 0.034375
0 0.3984375 0.75234375 0.09140625 0.034375
0 0.3015625 0.7515625 0.0515625 0.0671875
0 0.25 0.75078125 0.0375 0.0328125
0 0.21015625 0.746875 0.04609375 0.03125
0 0.14609375 0.75 0.078125 0.040625
0 0.1578125 0.81640625 0.08984375 0.06171875
0 0.05390625 0.7421875 0.1078125 0.04375
0 0.10078125 0.93671875 0.10234375 0.0484375
0 0.190625 0.946875 0.0671875 0.03828125
0 0.2546875 0.94296875 0.07421875 0.0453125
0 0.34375 0.9515625 0.084375 0.03828125
0 0.44453125 0.3609375 0.05625 0.0390625
0 0.46640625 0.27265625 0.0640625 0.034375
0 0.41171875 0.2765625 0.0453125 0.03359375
0 0.37109375 0.2828125 0.03125 0.0234375
0 0.32421875 0.28046875 0.04453125 0.0265625
0 0.28203125 0.27890625 0.04375 0.0328125
0 0.24765625 0.27265625 0.0296875 0.03203125
0 0.184375 0.271875 0.09765625 0.05859375
0 0.5953125 0.0375 0.09140625 0.04921875
0 0.2515625 0.00546875 0.0453125 0.0109375
0 0.19609375 0.009375 0.05390625 0.01875
0 0.38828125 0.07421875 0.04140625 0.03203125
0 0.4515625 0.075 0.075 0.04609375
0 0.50859375 0.08984375 0.02421875 0.01953125
0 0.3390625 0.0671875 0.0578125 0.04453125
0 0.2828125 0.0671875 0.0640625 0.0484375
0 0.2109375 0.0765625 0.08359375 0.0328125
0 0.12890625 0.07578125 0.08203125 0.046875
0 0.57421875 0.09453125 0.06328125 0.03828125
0 0.66015625 0.1046875 0.03203125 0.0359375
0 0.703125 0.11015625 0.0546875 0.04609375
0 0.7578125 0.1296875 0.06640625 0.0390625
0 0.81953125 0.096875 0.03828125 0.02265625
0 0.8578125 0.0359375 0.0625 0.03359375
0 0.784375 0.015625 0.08984375 0.03046875
0 0.77734375 0.26796875 0.04140625 0.02109375
0 0.5875 0.28828125 0.11953125 0.03828125
0 0.61640625 0.35859375 0.0515625 0.02734375
0 0.6671875 0.3296875 0.11640625 0.03828125
0 0.6921875 0.29609375 0.1171875 0.0359375
0 0.7109375 0.40703125 0.05546875 0.025
0 0.603125 0.52421875 0.0921875 0.04375
0 0.66796875 0.5171875 0.0609375 0.04296875
0 0.734375 0.52109375 0.0890625 0.03984375
0 0.81171875 0.5203125 0.06640625 0.04296875
0 0.89609375 0.515625 0.090625 0.04140625
0 0.9703125 0.515625 0.059375 0.040625
0 0.83125 0.6109375 0.08125 0.05234375
0 0.70078125 0.65078125 0.059375 0.02578125
0 0.94453125 0.68671875 0.0640625 0.025
0 0.96484375 0.66953125 0.04296875 0.01640625
0 0.88359375 0.69765625 0.05234375 0.0421875
0 0.8296875 0.70234375 0.04921875 0.03359375
0 0.7234375 0.72578125 0.14453125 0.0625
0 0.60703125 0.73203125 0.0453125 0.0203125
0 0.90078125 0.79609375 0.08828125 0.05625
0 0.9078125 0.8375 0.03359375 0.0203125
0 0.86796875 0.85390625 0.06015625 0.0390625
0 0.8328125 0.8734375 0.06484375 0.04375
0 0.7703125 0.890625 0.06796875 0.0359375
0 0.69453125 0.8890625 0.0703125 0.028125
0 0.5734375 0.8421875 0.10234375 0.05859375
0 0.65546875 0.80078125 0.065625 0.03984375
0 0.5046875 0.865625 0.0515625 0.02734375
0 0.49765625 0.9296875 0.05625 0.04375
0 0.5484375 0.92734375 0.04140625 0.0328125
0 0.62734375 0.9640625 0.1578125 0.071875
0 0.596875 0.9265625 0.046875 0.01875
0 0.62421875 0.90859375 0.05 0.025