0 0.31796875 0.034375 0.1515625 0.06875
0 0.10546875 0.11953125 0.0828125 0.0421875
0 0.215625 0.1203125 0.06484375 0.0328125
0 0.76328125 0.03984375 0.06484375 0.0453125
0 0.66796875 0.0171875 0.11796875 0.034375
0 0.16640625 0.2890625 0.09921875 0.05859375
0 0.26875 0.3 0.08203125 0.0453125
0 0.3421875 0.309375 0.0671875 0.0390625
0 0.403125 0.3046875 0.06171875 0.03671875
0 0.49765625 0.3171875 0.059375 0.0359375
0 0.5796875 0.31328125 0.07578125 0.06171875
0 0.65 0.321875 0.03671875 0.025
0 0.0546875 0.54296875 0.04921875 0.04140625
0 0.14921875 0.55 0.08671875 0.0390625
0 0.25859375 0.55625 0.15546875 0.03359375
0 0.3859375 0.55234375 0.1171875 0.04296875
0 0.48671875 0.56015625 0.08203125 0.0421875
0 0.6 0.5625 0.121875 0.04296875
0 0.7421875 0.5609375 0.1203125 0.05
0 0.85859375 0.5578125 0.0578125 0.03671875
0 0.9078125 0.5578125 0.03515625 0.0359375
0 0.96171875 0.55859375 0.0765625 0.03984375
0 0.94296875 0.7109375 0.0515625 0.034375
0 0.83671875 0.72265625 0.0546875 0.0265625
0 0.8171875 0.81171875 0.14375 0.12421875
0 0.7453125 0.73046875 0.065625 0.02734375
0 0.68828125 0.7375 0.04296875 0.03359375
0 0.6140625 0.75703125 0.0953125 0.05
0 0.52265625 0.75859375 0.084375 0.046875
0 0.425 0.753125 0.0984375 0.03828125
0 0.33203125 0.7671875 0.10703125 0.04765625
0 0.23828125 0.76484375 0.06796875 0.04453125
0 0.13359375 0.75234375 0.06875 0.04609375
0 0.0703125 0.75 0.06640625 0.04140625
0 0.02578125 0.73984375 0.0515625 0.0515625
0 0.0421875 0.8921875 0.04296875 0.025
0 0.115625 0.90703125 0.04453125 0.02109375
0 0.27734375 0.92578125 0.0609375 0.02265625
0 0.33203125 0.93046875 0.04765625 0.01953125
0 0.3859375 0.928125 0.0703125 0.028125
0 0.45703125 0.93046875 0.0625 0.0265625
0 0.475 0.9046875 0.046875 0.028125
0 0.55 0.91640625 0.090625 0.03515625
0 0.67109375 0.8984375 0.034375 0.01796875
0 0.7390625 0.89609375 0.028125 0.02109375
0 0.72578125 0.16640625 0.03828125 0.025
0 0.85625 0.01171875 0.03359375 0.02265625