0 0.1609375 0.96796875 0.05625 0.0640625
0 0.1703125 0.89921875 0.0234375 0.03125
0 0.17109375 0.81953125 0.059375 0.04921875
0 0.17265625 0.7421875 0.05625 0.0703125
0 0.17265625 0.67734375 0.040625 0.040625
0 0.22265625 0.64453125 0.0359375 0.04921875
0 0.184375 0.6140625 0.03984375 0.065625
0 0.20390625 0.55625 0.0390625 0.05078125
0 0.21328125 0.5015625 0.05625 0.0640625
0 0.21171875 0.40859375 0.04765625 0.05546875
0 0.215625 0.34375 0.0453125 0.059375
0 0.23046875 0.28671875 0.05078125 0.04921875
0 0.240625 0.228125 0.0421875 0.05390625
0 0.26875 0.17421875 0.0296875 0.03984375
0 0.3015625 0.103125 0.04296875 0.0515625
0 0.3125 0.06328125 0.02109375 0.0203125
0 0.3328125 0.03515625 0.040625 0.03359375
0 0.34921875 0.0078125 0.021875 0.015625
0 0.015625 0.2359375 0.03046875 0.06796875
0 0.05 0.190625 0.04296875 0.05
0 0.0859375 0.13046875 0.0546875 0.05390625
0 0.12578125 0.08984375 0.02265625 0.021875
0 0.14140625 0.04609375 0.05078125 0.03046875
0 0.16796875 0.0109375 0.02578125 0.02109375
0 0.115625 0.0109375 0.02578125 0.01875
0 0.01171875 0.009375 0.0234375 0.01796875
0 0.40859375 0.9515625 0.059375 0.0828125
0 0.4265625 0.87421875 0.05 0.0765625
0 0.44296875 0.80390625 0.04140625 0.0640625
0 0.46015625 0.7484375 0.04140625 0.0515625
0 0.4546875 0.7 0.05234375 0.04296875
0 0.47890625 0.6234375 0.06875 0.0953125
0 0.50390625 0.51328125 0.0484375 0.071875
0 0.51640625 0.42109375 0.0671875 0.1015625
0 0.54140625 0.32109375 0.0484375 0.0765625
0 0.565625 0.24375 0.05625 0.0703125
0 0.57578125 0.12734375 0.04765625 0.08671875
0 0.60390625 0.046875 0.04765625 0.078125
0 0.6875 0.9828125 0.053125 0.034375
0 0.7 0.94375 0.03828125 0.04296875
0 0.71796875 0.8921875 0.053125 0.0828125
0 0.73359375 0.82109375 0.04375 0.06484375
0 0.7515625 0.77265625 0.03359375 0.03984375
0 0.74921875 0.7109375 0.04140625 0.07890625
0 0.778125 0.6328125 0.053125 0.1171875
0 0.78046875 0.5515625 0.0359375 0.0515625
0 0.81328125 0.490625 0.0625 0.071875
0 0.834375 0.40390625 0.0390625 0.09609375
0 0.85859375 0.29921875 0.04609375 0.1109375
0 0.86015625 0.17265625 0.046875 0.07734375
0 0.87421875 0.11328125 0.05390625 0.059375
0 0.86640625 0.04296875 0.05390625 0.07734375
0 0.98359375 0.08671875 0.0328125 0.0546875
0 0.96875 0.83359375 0.05078125 0.07578125
0 0.9828125 0.76640625 0.034375 0.06171875
0 0.99296875 0.6609375 0.0140625 0.046875
0 0.94765625 0.88671875 0.04453125 0.05703125
0 0.921875 0.934375 0.06015625 0.04375
0 0.89921875 0.9765625 0.046875 0.03671875