0 0.21015625 0.55546875 0.08046875 0.04296875
0 0.23515625 0.49609375 0.07578125 0.03125
0 0.140625 0.5375 0.065625 0.034375
0 0.0828125 0.5609375 0.0578125 0.05390625
0 0.13359375 0.59140625 0.04296875 0.0359375
0 0.18203125 0.640625 0.0984375 0.05078125
0 0.0609375 0.659375 0.0859375 0.05234375
0 0.11484375 0.7265625 0.0890625 0.07734375
0 0.365625 0.465625 0.04609375 0.0390625
0 0.32421875 0.40390625 0.0546875 0.028125
0 0.228125 0.39140625 0.0421875 0.034375
0 0.16953125 0.3921875 0.04765625 0.028125
0 0.20703125 0.434375 0.121875 0.04921875
0 0.0765625 0.44453125 0.0984375 0.04921875
0 0.02265625 0.53828125 0.04296875 0.078125
0 0.09296875 0.4953125 0.05859375 0.02890625
0 0.17265625 0.27890625 0.06171875 0.065625
0 0.11484375 0.21484375 0.0328125 0.03828125
0 0.17265625 0.19765625 0.0625 0.02265625
0 0.20390625 0.225 0.0671875 0.03046875
0 0.228125 0.1921875 0.0515625 0.0359375
0 0.246875 0.14375 0.06875 0.046875
0 0.15625 0.0359375 0.06328125 0.04453125
0 0.25703125 0.03515625 0.0953125 0.0390625
0 0.30390625 0.0796875 0.0625 0.04609375
0 0.34921875 0.0296875 0.07421875 0.05703125
0 0.446875 0.06015625 0.06328125 0.0359375
0 0.50859375 0.05078125 0.0609375 0.03828125
0 0.621875 0.06796875 0.0703125 0.05390625
0 0.58984375 0.128125 0.0984375 0.053125
0 0.5734375 0.17578125 0.075 0.034375
0 0.50390625 0.27109375 0.1078125 0.034375
0 0.5203125 0.24140625 0.07421875 0.03828125
0 0.5421875 0.209375 0.059375 0.040625
0 0.58984375 0.22734375 0.0390625 0.01484375
0 0.47578125 0.3046875 0.0640625 0.0390625
0 0.4546875 0.34296875 0.084375 0.04375
0 0.43203125 0.38671875 0.06796875 0.034375
0 0.396875 0.42265625 0.0609375 0.0421875
0 0.796875 0.434375 0.0375 0.03515625
0 0.8375 0.4390625 0.03203125 0.02109375
0 0.88203125 0.44296875 0.0296875 0.01953125
0 0.9625 0.45078125 0.0734375 0.046875
0 0.965625 0.415625 0.04375 0.034375
0 0.95703125 0.49375 0.06171875 0.03125
0 0.91875 0.56484375 0.0609375 0.05234375
0 0.93984375 0.521875 0.05 0.02421875
0 0.8046875 0.528125 0.06015625 0.03046875
0 0.9328125 0.6203125 0.05234375 0.0453125
0 0.88828125 0.6515625 0.06328125 0.0390625
0 0.85859375 0.69140625 0.040625 0.03515625
0 0.9 0.72890625 0.084375 0.03515625
0 0.90546875 0.70234375 0.05625 0.02109375
0 0.8296875 0.74609375 0.05 0.02109375
0 0.74375 0.7203125 0.0515625 0.02578125
0 0.62734375 0.64609375 0.053125 0.021875
0 0.1859375 0.86171875 0.0546875 0.04140625
0 0.1890625 0.91171875 0.0765625 0.05390625
0 0.15703125 0.97109375 0.06015625 0.0578125
0 0.44765625 0.9171875 0.05234375 0.04375
0 0.47578125 0.8296875 0.05703125 0.02578125
0 0.49296875 0.86171875 0.05859375 0.03359375
0 0.565625 0.884375 0.0421875 0.04453125
0 0.8328125 0.790625 0.04140625 0.0234375
0 0.8859375 0.81640625 0.0609375 0.02265625
0 0.771875 0.846875 0.05078125 0.01953125
0 0.82734375 0.86171875 0.0296875 0.01328125
0 0.7109375 0.03125 0.06171875 0.034375
0 0.60234375 0.5109375 0.04140625 0.03125
0 0.478125 0.98125 0.05625 0.02421875
0 0.72734375 0.975 0.02890625 0.040625
0 0.76328125 0.6578125 0.025 0.0171875
0 0.75390625 0.69453125 0.0296875 0.01484375
0 0.803125 0.3875 0.03203125 0.021875