0 0.2140625 0.8734375 0.0609375 0.16640625
0 0.215625 0.76171875 0.034375 0.0390625
0 0.24453125 0.69609375 0.05625 0.07890625
0 0.2546875 0.63828125 0.0484375 0.040625
0 0.271875 0.596875 0.05703125 0.04140625
0 0.2875 0.5375 0.0421875 0.0609375
0 0.32265625 0.43984375 0.0640625 0.11171875
0 0.0234375 0.47890625 0.03046875 0.059375
0 0.03515625 0.4375 0.02890625 0.05
0 0.0703125 0.3796875 0.04609375 0.06015625
0 0.11796875 0.334375 0.02421875 0.0453125
0 0.15703125 0.2328125 0.0203125 0.03125
0 0.15859375 0.19375 0.02265625 0.03515625
0 0.184375 0.15625 0.0234375 0.028125
0 0.18828125 0.11953125 0.0296875 0.034375
0 0.215625 0.0484375 0.0671875 0.08671875
0 0.028125 0.0984375 0.0375 0.05859375
0 0.05390625 0.03984375 0.04453125 0.04140625
0 0.34765625 0.02265625 0.03125 0.0453125
0 0.390625 0.09140625 0.0296875 0.04765625
0 0.440625 0.134375 0.03359375 0.0609375
0 0.38203125 0.253125 0.05234375 0.06640625
0 0.39921875 0.2109375 0.03515625 0.04921875
0 0.3546875 0.3515625 0.0578125 0.0625
0 0.36640625 0.3015625 0.03671875 0.03203125
0 0.4484375 0.4203125 0.0375 0.05078125
0 0.3921875 0.6609375 0.075 0.125
0 0.35703125 0.78359375 0.04296875 0.10234375
0 0.33984375 0.85234375 0.0265625 0.03359375
0 0.434375 0.9265625 0.0515625 0.08125
0 0.509375 0.621875 0.03828125 0.0671875
0 0.5609375 0.58359375 0.0578125 0.07421875
0 0.5421875 0.45390625 0.04609375 0.0734375
0 0.6765625 0.62265625 0.03828125 0.09375
0 0.59921875 0.696875 0.03046875 0.08515625
0 0.65703125 0.74296875 0.0390625 0.06796875
0 0.61875 0.85078125 0.04921875 0.0734375
0 0.63359375 0.7921875 0.02890625 0.04140625
0 0.56953125 0.97890625 0.0390625 0.04140625
0 0.58359375 0.93671875 0.03203125 0.04296875
0 0.59609375 0.890625 0.04765625 0.05390625
0 0.7140625 0.49140625 0.04453125 0.07421875
0 0.63125 0.33828125 0.046875 0.065625
0 0.55 0.365625 0.034375 0.03359375
0 0.609375 0.2484375 0.053125 0.08203125
0 0.61640625 0.16953125 0.02265625 0.03046875
0 0.6328125 0.0796875 0.05078125 0.06171875
0 0.6734375 0.10546875 0.015625 0.02890625
0 0.80078125 0.196875 0.034375 0.04921875
0 0.84765625 0.11328125 0.02734375 0.03046875
0 0.8328125 0.07890625 0.021875 0.028125
0 0.83671875 0.034375 0.0453125 0.04921875
0 0.87421875 0.0859375 0.05234375 0.05078125
0 0.921875 0.06953125 0.02109375 0.02890625
0 0.946875 0.07421875 0.0203125 0.03203125
0 0.9109375 0.165625 0.03046875 0.04140625
0 0.96640625 0.2296875 0.02734375 0.0390625
0 0.8703125 0.2828125 0.0359375 0.065625
0 0.91171875 0.334375 0.0328125 0.06875
0 0.97109375 0.3390625 0.0234375 0.04609375
0 0.99140625 0.39453125 0.01640625 0.0421875
0 0.9921875 0.35 0.015625 0.04296875
0 0.98359375 0.4640625 0.0328125 0.05
0 0.97265625 0.5609375 0.04296875 0.0671875
0 0.9859375 0.5171875 0.028125 0.02734375
0 0.93671875 0.6578125 0.0296875 0.04296875
0 0.91953125 0.7171875 0.04375 0.0609375
0 0.89140625 0.77890625 0.03125 0.04140625
0 0.95078125 0.80078125 0.03046875 0.03515625
0 0.9125 0.84375 0.02421875 0.0328125
0 0.803125 0.8875 0.025 0.04140625
0 0.8484375 0.8859375 0.0359375 0.03828125
0 0.90546875 0.9328125 0.0421875 0.05234375
0 0.83125 0.92734375 0.03203125 0.0265625
0 0.8203125 0.97109375 0.02890625 0.0359375
0 0.784375 0.98984375 0.021875 0.0203125
0 0.79296875 0.96171875 0.0203125 0.02421875
0 0.9859375 0.90546875 0.02734375 0.06328125
0 0.94609375 0.978125 0.0421875 0.04375
0 0.9609375 0.9421875 0.0296875 0.028125
0 0.45625 0.06796875 0.059375 0.09140625
0 0.48203125 0.01328125 0.02734375 0.02421875