0 0.25078125 0.7078125 0.11875 0.26484375
0 0.06640625 0.8125 0.0375 0.0578125
0 0.0296875 0.9484375 0.05859375 0.103125
0 0.178125 0.97578125 0.040625 0.0484375
0 0.14609375 0.90625 0.06875 0.07890625
0 0.1328125 0.80390625 0.0546875 0.071875
0 0.11015625 0.725 0.05703125 0.05625
0 0.11015625 0.65 0.06171875 0.08203125
0 0.05234375 0.6109375 0.0265625 0.04765625
0 0.08984375 0.57109375 0.04609375 0.053125
0 0.09140625 0.5046875 0.06953125 0.06484375
0 0.0859375 0.42890625 0.0609375 0.08203125
0 0.09453125 0.35390625 0.04375 0.06796875
0 0.084375 0.28359375 0.04453125 0.04609375
0 0.09140625 0.22890625 0.0484375 0.05078125
0 0.10078125 0.15625 0.05703125 0.071875
0 0.1125 0.07265625 0.053125 0.06328125
0 0.12109375 0.01796875 0.05546875 0.03515625
0 0.22265625 0.0609375 0.04453125 0.08671875
0 0.38203125 0.9421875 0.06171875 0.06640625
0 0.3671875 0.84921875 0.0546875 0.09765625
0 0.35625 0.73515625 0.07578125 0.1296875
0 0.3390625 0.5796875 0.0390625 0.1265625
0 0.3234375 0.4109375 0.05859375 0.14140625
0 0.32109375 0.30546875 0.0578125 0.05859375
0 0.3296875 0.24140625 0.08046875 0.07578125
0 0.325 0.15 0.059375 0.09609375
0 0.31796875 0.04140625 0.0609375 0.0828125
0 0.45703125 0.33984375 0.06015625 0.1
0 0.47734375 0.84296875 0.03125 0.0453125
0 0.51875 0.803125 0.0453125 0.06015625
0 0.5484375 0.94375 0.06171875 0.10078125
0 0.56875 0.8640625 0.0375 0.0421875
0 0.65546875 0.9796875 0.07421875 0.040625
0 0.67734375 0.90234375 0.0796875 0.1
0 0.65390625 0.78359375 0.078125 0.1125
0 0.621875 0.6109375 0.0625 0.08203125
0 0.61171875 0.46953125 0.07421875 0.18984375
0 0.59140625 0.27265625 0.03671875 0.04765625
0 0.59453125 0.2203125 0.0375 0.046875
0 0.578125 0.15 0.05625 0.0703125
0 0.56484375 0.053125 0.06171875 0.10625
0 0.646875 0.06171875 0.08828125 0.109375
0 0.71953125 0.25703125 0.06171875 0.09140625
0 0.740625 0.35078125 0.04609375 0.0671875
0 0.70625 0.48203125 0.0265625 0.03984375
0 0.74921875 0.58203125 0.040625 0.0671875
0 0.796875 0.66328125 0.03828125 0.08515625
0 0.76015625 0.97421875 0.03125 0.04921875
0 0.7796875 0.81171875 0.02265625 0.04375
0 0.871875 0.9421875 0.05546875 0.11328125
0 0.88671875 0.63359375 0.03046875 0.0484375
0 0.92265625 0.77578125 0.1171875 0.23828125
0 0.88828125 0.54609375 0.0375 0.034375
0 0.88203125 0.43828125 0.0515625 0.06484375
0 0.87265625 0.3703125 0.04609375 0.05625
0 0.8640625 0.30625 0.0578125 0.0734375
0 0.84921875 0.24140625 0.034375 0.06015625
0 0.82578125 0.146875 0.0484375 0.07890625
0 0.79609375 0.0640625 0.04921875 0.08046875
0 0.86484375 0.034375 0.0296875 0.03984375
0 0.940625 0.040625 0.059375 0.08125
0 0.98515625 0.15234375 0.0296875 0.13125
0 0.45234375 0.56015625 0.02890625 0.0578125
0 0.44140625 0.725 0.03046875 0.06328125