0 0.5953125 0.45703125 0.0828125 0.05078125
0 0.42109375 0.49140625 0.05859375 0.02578125
0 0.34140625 0.5046875 0.05625 0.01796875
0 0.20390625 0.503125 0.053125 0.01796875
0 0.17109375 0.53671875 0.08828125 0.03125
0 0.71484375 0.44921875 0.04375 0.02265625
0 0.77421875 0.43828125 0.046875 0.02578125
0 0.84140625 0.43046875 0.05390625 0.0234375
0 0.91171875 0.4171875 0.078125 0.025
0 0.97265625 0.40625 0.0546875 0.025
0 0.91484375 0.4328125 0.02890625 0.02109375
0 0.8875 0.46015625 0.04140625 0.015625
0 0.9734375 0.446875 0.03046875 0.02109375
0 0.72890625 0.60546875 0.0578125 0.0265625
0 0.83671875 0.5328125 0.04296875 0.01640625
0 0.63203125 0.62265625 0.03984375 0.01875
0 0.51640625 0.65234375 0.08203125 0.03515625
0 0.46171875 0.6609375 0.059375 0.02265625
0 0.37109375 0.68203125 0.075 0.021875
0 0.29765625 0.69375 0.0859375 0.04140625
0 0.240625 0.70546875 0.04375 0.01796875
0 0.03828125 0.6828125 0.0765625 0.0265625
0 0.0734375 0.55390625 0.08359375 0.02890625
0 0.0203125 0.5703125 0.040625 0.03125
0 0.2 0.3609375 0.0796875 0.0328125
0 0.3140625 0.33984375 0.03515625 0.01796875
0 0.359375 0.33046875 0.0421875 0.0328125
0 0.41796875 0.3234375 0.046875 0.025
0 0.50234375 0.3203125 0.05625 0.03828125
0 0.5578125 0.31484375 0.05859375 0.03046875
0 0.6375 0.30859375 0.06484375 0.0296875
0 0.69765625 0.303125 0.046875 0.0234375
0 0.73984375 0.30390625 0.02578125 0.02109375
0 0.76875 0.30234375 0.0265625 0.01875
0 0.70078125 0.21484375 0.03203125 0.02109375
0 0.7171875 0.24296875 0.03203125 0.03046875
0 0.1515625 0.225 0.0453125 0.02578125
0 0.2296875 0.20703125 0.03046875 0.025
0 0.284375 0.19921875 0.0421875 0.02890625
0 0.32265625 0.19375 0.0296875 0.0265625
0 0.3703125 0.18671875 0.0359375 0.03359375
0 0.40234375 0.18984375 0.0375 0.0171875
0 0.44140625 0.19296875 0.03671875 0.021875
0 0.571875 0.18671875 0.03203125 0.025
0 0.61875 0.1828125 0.0453125 0.0234375
0 0.64921875 0.18828125 0.01875 0.01640625
0 0.6828125 0.18359375 0.0390625 0.02578125
0 0.71875 0.18515625 0.0234375 0.0265625
0 0.771875 0.1859375 0.0390625 0.0265625
0 0.11015625 0.1109375 0.04375 0.02421875
0 0.15625 0.07109375 0.05625 0.02734375
0 0.18046875 0.0984375 0.08359375 0.034375
0 0.13203125 0.009375 0.04453125 0.0171875
0 0.19296875 0.0078125 0.025 0.01328125
0 0.2828125 0.08046875 0.08203125 0.0296875
0 0.2796875 0.04921875 0.046875 0.01953125
0 0.359375 0.078125 0.0640625 0.0296875
0 0.40234375 0.04921875 0.034375 0.0140625
0 0.434375 0.07578125 0.09453125 0.025
0 0.4828125 0.0296875 0.03046875 0.01953125
0 0.525 0.07265625 0.07421875 0.025
0 0.6296875 0.0421875 0.040625 0.04453125
0 0.63125 0.0796875 0.03515625 0.0171875
0 0.62734375 0.1453125 0.04140625 0.02265625
0 0.7046875 0.08359375 0.06484375 0.0390625
0 0.7546875 0.09453125 0.0375 0.0234375
0 0.8359375 0.10625 0.0796875 0.034375
0 0.7875 0.15703125 0.05859375 0.03359375
0 0.859375 0.0515625 0.071875 0.02734375
0 0.7953125 0.0296875 0.0515625 0.02890625
0 0.71953125 0.04921875 0.071875 0.028125
0 0.71796875 0.01640625 0.0703125 0.0265625
0 0.64140625 0.00859375 0.08671875 0.01640625
0 0.74609375 0.66328125 0.08046875 0.0390625
0 0.0296875 0.91484375 0.0203125 0.0265625
0 0.06171875 0.91953125 0.03828125 0.03671875
0 0.10625 0.9171875 0.0515625 0.03125
0 0.17578125 0.903125 0.0703125 0.04140625
0 0.26171875 0.89296875 0.07578125 0.03671875
0 0.321875 0.884375 0.034375 0.02890625
0 0.3578125 0.87421875 0.0375 0.02578125
0 0.41484375 0.90390625 0.0421875 0.03828125
0 0.4515625 0.85703125 0.1046875 0.0359375
0 0.546875 0.8296875 0.04375 0.028125
0 0.553125 0.9234375 0.04375 0.03671875
0 0.6046875 0.96484375 0.06328125 0.0296875
0 0.49765625 0.984375 0.0890625 0.03046875
0 0.0421875 0.73671875 0.05234375 0.02890625
0 0.09453125 0.7328125 0.0515625 0.03125
0 0.1578125 0.728125 0.07734375 0.03046875
0 0.19921875 0.71875 0.05703125 0.04375
0 0.61796875 0.81796875 0.0625 0.03359375
0 0.65 0.79765625 0.03359375 0.0171875
0 0.6875 0.7875 0.04453125 0.02109375
0 0.71875 0.77734375 0.04609375 0.0390625
0 0.76171875 0.76171875 0.03046875 0.03046875
0 0.79453125 0.7421875 0.06328125 0.03203125
0 0.84921875 0.721875 0.05078125 0.0265625
0 0.8875 0.70625 0.03359375 0.02421875
0 0.91640625 0.69375 0.02265625 0.01875
0 0.953125 0.678125 0.04453125 0.0171875
0 0.79453125 0.58125 0.03984375 0.01875
0 0.834375 0.5671875 0.0484375 0.01796875
0 0.87890625 0.55390625 0.0578125 0.02734375
0 0.92421875 0.54453125 0.0578125 0.0296875
0 0.97421875 0.5265625 0.046875 0.021875
0 0.40234375 0.82265625 0.03515625 0.0171875
0 0.3890625 0.73828125 0.03359375 0.04609375