0 0.03359375 0.45859375 0.0671875 0.0640625
0 0.03671875 0.528125 0.053125 0.0265625
0 0.065625 0.50625 0.05546875 0.0203125
0 0.0234375 0.6484375 0.04609375 0.0453125
0 0.01875 0.73515625 0.03671875 0.05703125
0 0.01640625 0.68828125 0.0328125 0.0234375
0 0.21328125 0.77578125 0.0734375 0.0515625
0 0.125 0.946875 0.0671875 0.053125
0 0.1921875 0.97421875 0.06875 0.03359375
0 0.2125 0.91875 0.059375 0.046875
0 0.2484375 0.85703125 0.04609375 0.03671875
0 0.1890625 0.83203125 0.0484375 0.03046875
0 0.24140625 0.81484375 0.06015625 0.0328125
0 0.2859375 0.8 0.04609375 0.04453125
0 0.3765625 0.8171875 0.0453125 0.02421875
0 0.27578125 0.896875 0.065625 0.0375
0 0.303125 0.74140625 0.09921875 0.0578125
0 0.29921875 0.675 0.11484375 0.06328125
0 0.45859375 0.7828125 0.0953125 0.053125
0 0.5109375 0.73515625 0.1015625 0.03828125
0 0.41953125 0.71796875 0.0734375 0.0609375
0 0.56796875 0.6765625 0.08046875 0.053125
0 0.36328125 0.58046875 0.09453125 0.0828125
0 0.42734375 0.6421875 0.07265625 0.0359375
0 0.5484375 0.5671875 0.0875 0.0375
0 0.63359375 0.57890625 0.07109375 0.040625
0 0.52109375 0.62109375 0.04375 0.04375
0 0.5734375 0.61796875 0.046875 0.03515625
0 0.471875 0.58515625 0.0703125 0.07421875
0 0.4234375 0.48046875 0.071875 0.034375
0 0.44765625 0.4359375 0.06953125 0.034375
0 0.51015625 0.41171875 0.0578125 0.02421875
0 0.58359375 0.4203125 0.0640625 0.025
0 0.2578125 0.4484375 0.0953125 0.06328125
0 0.0921875 0.43828125 0.06953125 0.04140625
0 0.146875 0.3890625 0.10625 0.04609375
0 0.31953125 0.3625 0.08203125 0.06015625
0 0.39296875 0.3265625 0.0859375 0.03828125
0 0.36015625 0.290625 0.07578125 0.0328125
0 0.1578125 0.25703125 0.05 0.03046875
0 0.228125 0.240625 0.0890625 0.0390625
0 0.11640625 0.21171875 0.03984375 0.02578125
0 0.4375 0.21875 0.10234375 0.05390625
0 0.56171875 0.209375 0.10859375 0.07109375
0 0.553125 0.275 0.09296875 0.0375
0 0.534375 0.31015625 0.065625 0.03671875
0 0.50390625 0.34375 0.06875 0.0328125
0 0.78671875 0.4484375 0.06015625 0.03984375
0 0.8046875 0.41484375 0.0609375 0.03359375
0 0.81796875 0.38359375 0.07265625 0.03671875
0 0.72734375 0.42734375 0.065625 0.02890625
0 0.78515625 0.4921875 0.0703125 0.04375
0 0.7234375 0.50546875 0.06640625 0.03046875
0 0.66796875 0.51796875 0.078125 0.028125
0 0.640625 0.465625 0.09453125 0.05546875
0 0.64140625 0.41484375 0.059375 0.0375
0 0.58515625 0.521875 0.06875 0.0328125
0 0.915625 0.63671875 0.02890625 0.02734375
0 0.81015625 0.8234375 0.0484375 0.0375
0 0.85859375 0.859375 0.065625 0.0390625
0 0.7796875 0.88671875 0.06640625 0.06328125
0 0.56171875 0.88671875 0.078125 0.03359375
0 0.54609375 0.93125 0.09140625 0.0546875
0 0.50390625 0.98125 0.0484375 0.0375
0 0.45625 0.03046875 0.09765625 0.05078125
0 0.1609375 0.01484375 0.090625 0.0296875
0 0.5703125 0.04921875 0.0984375 0.03125
0 0.6046875 0.14921875 0.06640625 0.03515625
0 0.63984375 0.10390625 0.06953125 0.03828125
0 0.67265625 0.0640625 0.08359375 0.04453125
0 0.6859375 0.0234375 0.05546875 0.0296875
0 0.74296875 0.10703125 0.071875 0.03125
0 0.7984375 0.11171875 0.03515625 0.02734375
0 0.81796875 0.0140625 0.046875 0.028125
0 0.871875 0.0171875 0.0453125 0.03359375