0 0.15625 0.17578125 0.10234375 0.0375
0 0.4265625 0.18203125 0.13359375 0.0625
0 0.53828125 0.190625 0.075 0.03203125
0 0.61328125 0.20078125 0.04453125 0.03359375
0 0.615625 0.03984375 0.0671875 0.03671875
0 0.7 0.05859375 0.06953125 0.05
0 0.796875 0.09609375 0.05390625 0.04140625
0 0.16640625 0.38828125 0.09921875 0.0453125
0 0.4125 0.38828125 0.0625 0.0359375
0 0.5375 0.3875 0.0984375 0.04765625
0 0.65390625 0.40390625 0.0953125 0.0375
0 0.81328125 0.41484375 0.03828125 0.03046875
0 0.8640625 0.42265625 0.0359375 0.02734375
0 0.95078125 0.43671875 0.0984375 0.04296875
0 0.08828125 0.5078125 0.07421875 0.03203125
0 0.02734375 0.59453125 0.04296875 0.0359375
0 0.1140625 0.61171875 0.13984375 0.05078125
0 0.259375 0.6109375 0.14296875 0.046875
0 0.4203125 0.6171875 0.12890625 0.05390625
0 0.54765625 0.6171875 0.09453125 0.05234375
0 0.6421875 0.6046875 0.11953125 0.0484375
0 0.73125 0.6046875 0.0578125 0.0421875
0 0.8140625 0.603125 0.103125 0.03515625
0 0.94296875 0.59609375 0.05078125 0.0234375
0 0.9796875 0.58359375 0.040625 0.0265625
0 0.02421875 0.79453125 0.0484375 0.0515625
0 0.08828125 0.815625 0.07421875 0.05078125
0 0.19140625 0.82109375 0.14609375 0.03984375
0 0.35 0.8234375 0.13359375 0.05
0 0.48671875 0.82265625 0.06953125 0.0546875
0 0.609375 0.809375 0.1375 0.04609375
0 0.74453125 0.78828125 0.0890625 0.059375
0 0.8296875 0.7703125 0.08515625 0.05390625
0 0.90859375 0.753125 0.09765625 0.05390625
0 0.05234375 0.9 0.053125 0.02421875
0 0.0578125 0.9453125 0.034375 0.0203125
0 0.115625 0.96796875 0.0515625 0.034375
0 0.209375 0.978125 0.08203125 0.03671875
0 0.284375 0.97421875 0.04609375 0.02265625
0 0.3453125 0.97734375 0.06015625 0.03515625
0 0.43046875 0.975 0.10390625 0.03203125
0 0.5171875 0.9703125 0.05390625 0.0359375
0 0.59296875 0.9625 0.084375 0.028125
0 0.68828125 0.9609375 0.09921875 0.04609375