0 0.5140625 0.3703125 0.16328125 0.0796875
0 0.03203125 0.51484375 0.0640625 0.040625
0 0.14140625 0.5 0.0765625 0.0515625
0 0.23046875 0.5140625 0.0625 0.046875
0 0.29453125 0.51640625 0.09453125 0.0515625
0 0.36953125 0.53203125 0.0515625 0.04140625
0 0.4328125 0.521875 0.075 0.04453125
0 0.5359375 0.53046875 0.09609375 0.06953125
0 0.64140625 0.5328125 0.04453125 0.0484375
0 0.71328125 0.53203125 0.1046875 0.04921875
0 0.81171875 0.52890625 0.09296875 0.04609375
0 0.8765625 0.52890625 0.0328125 0.02421875
0 0.9328125 0.53046875 0.0875 0.03359375
0 0.81640625 0.68359375 0.08984375 0.04921875
0 0.765625 0.7296875 0.06640625 0.0390625
0 0.83359375 0.7296875 0.06328125 0.04453125
0 0.68125 0.75078125 0.0390625 0.03125
0 0.5546875 0.74375 0.03046875 0.02890625
0 0.61953125 0.746875 0.08828125 0.040625
0 0.45390625 0.7453125 0.0609375 0.03828125
0 0.35 0.75234375 0.07421875 0.0390625
0 0.28046875 0.74765625 0.07578125 0.0453125
0 0.18828125 0.74609375 0.07734375 0.04453125
0 0.1171875 0.74296875 0.0578125 0.05078125
0 0.0359375 0.7296875 0.0609375 0.0390625
0 0.08828125 0.62421875 0.0484375 0.028125
0 0.0640625 0.584375 0.06875 0.03984375
0 0.05234375 0.91875 0.0578125 0.0359375
0 0.165625 0.93515625 0.04140625 0.03515625
0 0.22265625 0.9484375 0.06796875 0.0484375
0 0.275 0.95 0.03515625 0.0359375
0 0.44453125 0.94765625 0.075 0.040625
0 0.93671875 0.7015625 0.0875 0.05078125
0 0.73984375 0.290625 0.06640625 0.0296875
0 0.6703125 0.27578125 0.07265625 0.05390625
0 0.6 0.27109375 0.071875 0.03984375
0 0.525 0.2625 0.08046875 0.040625
0 0.4265625 0.24609375 0.084375 0.04140625
0 0.3453125 0.2390625 0.04375 0.025
0 0.39453125 0.1875 0.0390625 0.021875
0 0.39765625 0.121875 0.06015625 0.02890625
0 0.571875 0.11171875 0.0671875 0.0375
0 0.38359375 0.05625 0.10390625 0.03984375
0 0.26796875 0.03671875 0.08203125 0.05078125
0 0.20390625 0.04140625 0.05546875 0.03671875
0 0.1359375 0.04140625 0.075 0.0421875
0 0.26484375 0.203125 0.06953125 0.0375
0 0.3 0.23671875 0.05 0.03046875
0 0.25 0.23828125 0.059375 0.03359375
0 0.165625 0.23125 0.11484375 0.053125
0 0.48359375 0.0671875 0.0875 0.04453125
0 0.56328125 0.0671875 0.07109375 0.05
0 0.63359375 0.08671875 0.06171875 0.05234375
0 0.6953125 0.096875 0.06796875 0.053125
0 0.76640625 0.1296875 0.0734375 0.0453125
0 0.79921875 0.0140625 0.0921875 0.028125
0 0.86484375 0.0421875 0.08046875 0.02734375
0 0.90546875 0.853125 0.06796875 0.04140625
0 0.84375 0.878125 0.0703125 0.03359375
0 0.7734375 0.8984375 0.09609375 0.0359375
0 0.6875 0.921875 0.10078125 0.03046875
0 0.59140625 0.9296875 0.09296875 0.034375
0 0.5046875 0.94140625 0.05234375 0.03515625
0 0.334375 0.9390625 0.06328125 0.028125