0 0.5078125 0.98671875 0.09140625 0.0265625
0 0.6046875 0.96015625 0.06171875 0.028125
0 0.5484375 0.92578125 0.0515625 0.025
0 0.4203125 0.91015625 0.03359375 0.03046875
0 0.43515625 0.86015625 0.0671875 0.02265625
0 0.4875 0.85390625 0.06015625 0.02890625
0 0.55078125 0.8328125 0.05703125 0.03515625
0 0.60859375 0.8203125 0.04296875 0.025
0 0.646875 0.7984375 0.025 0.01953125
0 0.68125 0.79140625 0.0203125 0.01875
0 0.71640625 0.78046875 0.0421875 0.03125
0 0.75859375 0.76640625 0.040625 0.02734375
0 0.79765625 0.74921875 0.06484375 0.03203125
0 0.84140625 0.72890625 0.04453125 0.02265625
0 0.88125 0.71171875 0.040625 0.0234375
0 0.909375 0.6984375 0.0328125 0.0171875
0 0.940625 0.684375 0.0390625 0.01484375
0 0.96953125 0.67109375 0.03203125 0.01953125
0 0.73984375 0.6703125 0.08515625 0.03984375
0 0.728125 0.6140625 0.04765625 0.025
0 0.79140625 0.5875 0.05390625 0.02578125
0 0.83125 0.57265625 0.0578125 0.0171875
0 0.8296875 0.54140625 0.03984375 0.01796875
0 0.884375 0.559375 0.07421875 0.02734375
0 0.92890625 0.54765625 0.0625 0.025
0 0.975 0.53125 0.05 0.028125
0 0.87421875 0.46953125 0.034375 0.0140625
0 0.9671875 0.45390625 0.0359375 0.0140625
0 0.975 0.41171875 0.05 0.03046875
0 0.91875 0.421875 0.07265625 0.0265625
0 0.846875 0.4359375 0.08515625 0.0375
0 0.9078125 0.44453125 0.03046875 0.0140625
0 0.77109375 0.45 0.046875 0.01875
0 0.70546875 0.45859375 0.05 0.01796875
0 0.5953125 0.4703125 0.09609375 0.04765625
0 0.42890625 0.5015625 0.0484375 0.02109375
0 0.34609375 0.5171875 0.034375 0.01796875
0 0.3671875 0.88046875 0.05234375 0.02109375
0 0.31875 0.88671875 0.03203125 0.01953125
0 0.27109375 0.896875 0.0703125 0.02578125
0 0.2078125 0.90390625 0.05546875 0.0265625
0 0.16328125 0.909375 0.034375 0.03046875
0 0.52265625 0.66328125 0.04296875 0.0203125
0 0.50078125 0.65546875 0.02890625 0.015625
0 0.47734375 0.6671875 0.0265625 0.0125
0 0.4515625 0.66953125 0.0296875 0.0203125
0 0.3796875 0.68984375 0.0734375 0.02421875
0 0.315625 0.69765625 0.06328125 0.034375
0 0.26796875 0.71328125 0.0703125 0.02578125
0 0.0703125 0.6859375 0.05390625 0.02109375
0 0.20625 0.72421875 0.06796875 0.03359375
0 0.16015625 0.73203125 0.04140625 0.0265625
0 0.1 0.7421875 0.0625 0.03046875
0 0.0515625 0.74375 0.04453125 0.021875
0 0.0125 0.75234375 0.025 0.01875
0 0.215625 0.515625 0.04296875 0.021875
0 0.20390625 0.54375 0.04296875 0.01953125
0 0.17734375 0.54765625 0.04765625 0.025
0 0.0890625 0.56640625 0.07890625 0.03359375
0 0.03203125 0.5796875 0.0640625 0.0359375
0 0.1140625 0.3984375 0.04375 0.03125
0 0.20546875 0.3765625 0.065625 0.03515625
0 0.221875 0.3296875 0.040625 0.0171875
0 0.315625 0.36015625 0.0296875 0.0171875
0 0.3609375 0.35390625 0.04375 0.02734375
0 0.42578125 0.346875 0.03359375 0.021875
0 0.50234375 0.33828125 0.05546875 0.0328125
0 0.5625 0.33359375 0.059375 0.0296875
0 0.628125 0.32734375 0.05390625 0.0265625
0 0.6828125 0.32109375 0.046875 0.01953125
0 0.72890625 0.31953125 0.025 0.01796875
0 0.7546875 0.3203125 0.021875 0.0203125
0 0.8703125 0.3640625 0.03046875 0.015625
0 0.9140625 0.38125 0.01953125 0.0171875
0 0.93125 0.4015625 0.01640625 0.0109375
0 0.68671875 0.2359375 0.05234375 0.0234375
0 0.75703125 0.20546875 0.03984375 0.0265625
0 0.71015625 0.203125 0.0359375 0.0234375
0 0.68515625 0.20625 0.02265625 0.0140625
0 0.66015625 0.20390625 0.0328125 0.0171875
0 0.61015625 0.20546875 0.04296875 0.01953125
0 0.56640625 0.20625 0.028125 0.02265625
0 0.53828125 0.209375 0.0234375 0.0109375
0 0.553125 0.184375 0.025 0.01328125
0 0.61796875 0.17421875 0.0359375 0.021875
0 0.72578125 0.17578125 0.02890625 0.015625
0 0.77734375 0.17578125 0.0375 0.0234375
0 0.50546875 0.175 0.02578125 0.015625
0 0.11875 0.91640625 0.04375 0.04375
0 0.07421875 0.9234375 0.03828125 0.0359375
0 0.03828125 0.92265625 0.028125 0.034375
0 0.16484375 0.25234375 0.0421875 0.0265625
0 0.2328125 0.2359375 0.04140625 0.0328125
0 0.3046875 0.22109375 0.071875 0.03828125
0 0.40625 0.21640625 0.11640625 0.03359375
0 0.15078125 0.103125 0.06796875 0.02734375
0 0.18828125 0.13046875 0.109375 0.03203125
0 0.28984375 0.0828125 0.0625 0.02890625
0 0.2875 0.1125 0.0890625 0.03125
0 0.36640625 0.1078125 0.075 0.03359375
0 0.3984375 0.075 0.0375 0.0171875
0 0.4484375 0.1046875 0.0875 0.02890625
0 0.53515625 0.103125 0.084375 0.028125
0 0.51953125 0.02109375 0.06171875 0.02421875
0 0.47265625 0.01796875 0.0453125 0.02421875
0 0.42734375 0.01484375 0.05625 0.02265625
0 0.3484375 0.0203125 0.078125 0.02578125
0 0.28828125 0.02109375 0.05546875 0.03125
0 0.25 0.025 0.05390625 0.0328125
0 0.1953125 0.03125 0.0390625 0.0234375
0 0.13359375 0.04921875 0.07421875 0.02734375
0 0.61015625 0.02734375 0.09609375 0.02890625
0 0.61796875 0.059375 0.0296875 0.0234375
0 0.61796875 0.10703125 0.02890625 0.01875
0 0.6078125 0.0875 0.0234375 0.0125
0 0.7015625 0.065625 0.046875 0.0328125
0 0.69921875 0.11328125 0.05 0.03046875
0 0.75 0.121875 0.040625 0.02890625
0 0.81953125 0.1296875 0.0625 0.0234375
0 0.8578125 0.0765625 0.04296875 0.02578125
0 0.82265625 0.06875 0.02890625 0.0234375
0 0.7796875 0.05703125 0.0578125 0.01875
0 0.7359375 0.04296875 0.03203125 0.02265625
0 0.69296875 0.03515625 0.05546875 0.02578125
0 0.8015625 0.009375 0.025 0.01875
0 0.84375 0.0109375 0.0328125 0.015625
0 0.86875 0.03203125 0.05546875 0.0234375
0 0.6328125 0.62890625 0.0328125 0.01484375
0 0.61953125 0.72421875 0.0265625 0.0109375
0 0.8875 0.66328125 0.06796875 0.0453125