0 0.18359375 0.33671875 0.06875 0.03515625
0 0.26328125 0.328125 0.034375 0.01875
0 0.29921875 0.31875 0.0421875 0.025
0 0.36875 0.3328125 0.05859375 0.040625
0 0.421875 0.334375 0.040625 0.0359375
0 0.478125 0.33984375 0.07109375 0.04609375
0 0.54453125 0.34765625 0.06796875 0.03359375
0 0.6125 0.36015625 0.06875 0.025
0 0.3015625 0.178125 0.10390625 0.0578125
0 0.5421875 0.1625 0.07265625 0.04453125
0 0.13203125 0.13359375 0.08984375 0.03984375
0 0.7375 0.0703125 0.05078125 0.0265625
0 0.67734375 0.05 0.04609375 0.0265625
0 0.6328125 0.03359375 0.07578125 0.0375
0 0.56328125 0.021875 0.0703125 0.04296875
0 0.49765625 0.0171875 0.06796875 0.034375
0 0.44296875 0.0109375 0.0515625 0.021875
0 0.36796875 0.009375 0.09921875 0.01875
0 0.88203125 0.03125 0.05078125 0.02421875
0 0.82578125 0.00859375 0.06328125 0.0171875
0 0.6421875 0.18203125 0.04296875 0.028125
0 0.79765625 0.3796875 0.08125 0.03515625
0 0.87421875 0.39296875 0.065625 0.03515625
0 0.93046875 0.40546875 0.03984375 0.025
0 0.97578125 0.41796875 0.04765625 0.0359375
0 0.05234375 0.55 0.10390625 0.04296875
0 0.1609375 0.5609375 0.1109375 0.0390625
0 0.2390625 0.55859375 0.04296875 0.03828125
0 0.30390625 0.56484375 0.08125 0.04296875
0 0.4 0.57578125 0.08359375 0.040625
0 0.5078125 0.57265625 0.0765625 0.03671875
0 0.590625 0.575 0.07734375 0.02578125
0 0.859375 0.57734375 0.0515625 0.03203125
0 0.903125 0.578125 0.04609375 0.03046875
0 0.95234375 0.57890625 0.05703125 0.03125
0 0.95078125 0.734375 0.0390625 0.0203125
0 0.90390625 0.74765625 0.06171875 0.03046875
0 0.84296875 0.765625 0.07109375 0.03671875
0 0.75234375 0.77109375 0.1015625 0.0375
0 0.646875 0.78203125 0.06484375 0.03359375
0 0.5765625 0.790625 0.0984375 0.04375
0 0.25078125 0.69921875 0.10546875 0.05546875
0 0.46640625 0.78671875 0.04921875 0.02578125
0 0.359375 0.79375 0.178125 0.05390625
0 0.1515625 0.7796875 0.1375 0.0453125
0 0.0296875 0.7625 0.059375 0.0359375
0 0.109375 0.85703125 0.09296875 0.08203125
0 0.0609375 0.92734375 0.053125 0.02421875
0 0.1125 0.928125 0.053125 0.03515625
0 0.12265625 0.9828125 0.0546875 0.034375
0 0.2 0.94765625 0.0953125 0.03828125
0 0.27421875 0.95703125 0.05859375 0.03515625
0 0.39609375 0.9234375 0.071875 0.04453125
0 0.31953125 0.87109375 0.1390625 0.1046875
0 0.20546875 0.865625 0.084375 0.0609375
0 0.45546875 0.95234375 0.05 0.028125
0 0.61875 0.9375 0.075 0.0234375
0 0.71875 0.92734375 0.10390625 0.025
0 0.78984375 0.903125 0.0359375 0.02265625
0 0.6265625 0.97890625 0.0625 0.0328125
0 0.9359375 0.7890625 0.0390625 0.02734375