0 0.52265625 0.371875 0.0578125 0.03515625
0 0.71328125 0.34765625 0.0734375 0.03203125
0 0.7640625 0.41796875 0.04453125 0.02578125
0 0.68125 0.375 0.04375 0.01953125
0 0.72265625 0.3171875 0.040625 0.02578125
0 0.67421875 0.3 0.06640625 0.034375
0 0.6171875 0.30390625 0.05390625 0.03125
0 0.54140625 0.28671875 0.06015625 0.028125
0 0.54140625 0.28828125 0.003125 0.0046875
0 0.4765625 0.2890625 0.07734375 0.03203125
0 0.40234375 0.29296875 0.05703125 0.028125
0 0.34140625 0.28515625 0.07265625 0.0328125
0 0.25546875 0.28125 0.0953125 0.0515625
0 0.17265625 0.28046875 0.0734375 0.04609375
0 0.2734375 0.0140625 0.10859375 0.028125
0 0.10234375 0.07734375 0.0453125 0.0484375
0 0.1640625 0.08671875 0.0796875 0.03828125
0 0.25390625 0.08125 0.103125 0.04609375
0 0.33671875 0.08046875 0.06875 0.0546875
0 0.403125 0.07890625 0.05703125 0.05078125
0 0.45390625 0.08828125 0.046875 0.03984375
0 0.51640625 0.09140625 0.06640625 0.04921875
0 0.56953125 0.10703125 0.0171875 0.01953125
0 0.63046875 0.11328125 0.06328125 0.040625
0 0.65078125 0.05859375 0.08671875 0.0484375
0 0.69140625 0.034375 0.02265625 0.01328125
0 0.75 0.01015625 0.03828125 0.01953125
0 0.7875 0.015625 0.03828125 0.03125
0 0.83671875 0.0328125 0.06171875 0.03984375
0 0.875 0.00703125 0.040625 0.0140625
0 0.946875 0.52421875 0.05 0.03046875
0 0.9828125 0.51953125 0.034375 0.0375
0 0.903125 0.51953125 0.0390625 0.03046875
0 0.85625 0.5234375 0.053125 0.03203125
0 0.7984375 0.53125 0.08203125 0.04140625
0 0.728125 0.5265625 0.0640625 0.03984375
0 0.6640625 0.53125 0.071875 0.03828125
0 0.5015625 0.52890625 0.05625 0.02265625
0 0.446875 0.5328125 0.0484375 0.0265625
0 0.3859375 0.51875 0.0625 0.0390625
0 0.34765625 0.53984375 0.0453125 0.02578125
0 0.28359375 0.53515625 0.05546875 0.0265625
0 0.18515625 0.52890625 0.1171875 0.04453125
0 0.1015625 0.51484375 0.0359375 0.02421875
0 0.04375 0.53046875 0.0875 0.0421875
0 0.01796875 0.7296875 0.0359375 0.0296875
0 0.0875 0.75 0.1015625 0.0421875
0 0.15546875 0.74375 0.03515625 0.02734375
0 0.2125 0.75703125 0.0859375 0.04765625
0 0.2984375 0.75546875 0.08515625 0.0390625
0 0.3703125 0.75390625 0.0609375 0.0625
0 0.4703125 0.7578125 0.07265625 0.0421875
0 0.228125 0.82734375 0.10078125 0.06015625
0 0.0609375 0.928125 0.0421875 0.03515625
0 0.1578125 0.94765625 0.10546875 0.0546875
0 0.24765625 0.9484375 0.0703125 0.0421875
0 0.31875 0.95078125 0.0828125 0.04296875
0 0.409375 0.95 0.08203125 0.04453125
0 0.559375 0.9265625 0.05234375 0.0390625
0 0.62734375 0.83671875 0.1 0.05859375
0 0.6984375 0.7984375 0.0578125 0.028125
0 0.871875 0.61328125 0.09375 0.059375
0 0.7515625 0.65 0.04375 0.028125
0 0.8671875 0.70234375 0.06171875 0.03203125
0 0.9234375 0.7 0.05625 0.03984375
0 0.96640625 0.6875 0.04375 0.03046875
0 0.771875 0.7203125 0.121875 0.0609375
0 0.92265625 0.78828125 0.078125 0.06953125
0 0.88671875 0.8578125 0.09375 0.06484375
0 0.80859375 0.88359375 0.0703125 0.040625
0 0.6625 0.95703125 0.153125 0.0859375
0 0.60703125 0.92109375 0.04296875 0.03671875
0 0.6453125 0.91796875 0.046875 0.0265625
0 0.678125 0.90390625 0.04375 0.02421875
0 0.73828125 0.88203125 0.06484375 0.03671875
0 0.73203125 0.13203125 0.090625 0.0453125
0 0.14296875 0.40234375 0.0796875 0.06484375