0 0.35546875 0.03046875 0.07109375 0.0484375
0 0.1421875 0.0125 0.06640625 0.0234375
0 0.15859375 0.159375 0.07578125 0.05703125
0 0.23359375 0.07578125 0.0453125 0.03515625
0 0.31875 0.21328125 0.0640625 0.04296875
0 0.4109375 0.19921875 0.0546875 0.025
0 0.14765625 0.23515625 0.05703125 0.03828125
0 0.4046875 0.2984375 0.06484375 0.0421875
0 0.44140625 0.2703125 0.059375 0.03046875
0 0.384375 0.33671875 0.05703125 0.03359375
0 0.203125 0.35859375 0.07265625 0.05
0 0.28828125 0.30625 0.05390625 0.02734375
0 0.18828125 0.2609375 0.046875 0.01171875
0 0.1328125 0.4390625 0.09140625 0.05078125
0 0.015625 0.4375 0.03046875 0.0234375
0 0.01640625 0.64375 0.03203125 0.02265625
0 0.1015625 0.9859375 0.0546875 0.028125
0 0.16796875 0.98828125 0.03515625 0.0234375
0 0.0453125 0.91875 0.0421875 0.05078125
0 0.109375 0.94453125 0.0484375 0.03046875
0 0.121875 0.90078125 0.0453125 0.046875
0 0.17109375 0.88125 0.059375 0.03125
0 0.14921875 0.83984375 0.05 0.03984375
0 0.08828125 0.81015625 0.03984375 0.02109375
0 0.11171875 0.75390625 0.07109375 0.05
0 0.13984375 0.79765625 0.04609375 0.0265625
0 0.1765625 0.7796875 0.0453125 0.0546875
0 0.17890625 0.7234375 0.0671875 0.05625
0 0.17890625 0.66484375 0.08671875 0.05703125
0 0.234375 0.56953125 0.08125 0.071875
0 0.3546875 0.51796875 0.04921875 0.03125
0 0.29609375 0.4734375 0.0609375 0.03203125
0 0.325 0.4296875 0.08125 0.0296875
0 0.45 0.41484375 0.05 0.03046875
0 0.52109375 0.40625 0.03984375 0.0203125
0 0.61328125 0.41953125 0.053125 0.03046875
0 0.57109375 0.44296875 0.0359375 0.03125
0 0.4953125 0.46328125 0.11171875 0.0734375
0 0.4703125 0.04140625 0.07890625 0.03203125
0 0.58359375 0.05390625 0.07421875 0.03515625
0 0.5796875 0.02421875 0.0421875 0.02109375
0 0.59296875 0.00859375 0.0453125 0.01640625
0 0.5546875 0.09453125 0.07578125 0.040625
0 0.66875 0.09453125 0.059375 0.0328125
0 0.72890625 0.090625 0.03671875 0.034375
0 0.8234375 0.04609375 0.02421875 0.015625
0 0.82578125 0.00703125 0.0453125 0.0140625
0 0.75859375 0.27421875 0.0515625 0.0390625
0 0.6953125 0.44296875 0.0796875 0.0515625
0 0.66875 0.490625 0.071875 0.03828125
0 0.60546875 0.50234375 0.05859375 0.03046875
0 0.425 0.55546875 0.0875 0.0390625
0 0.5171875 0.58359375 0.0640625 0.053125
0 0.4546875 0.66796875 0.0828125 0.0578125
0 0.4375 0.61328125 0.04609375 0.0328125
0 0.3015625 0.69609375 0.06953125 0.0578125
0 0.3828125 0.73359375 0.0734375 0.03828125
0 0.43203125 0.709375 0.03671875 0.01640625
0 0.3453125 0.778125 0.090625 0.05390625
0 0.4390625 0.8890625 0.06171875 0.03515625
0 0.43203125 0.94140625 0.08046875 0.0390625
0 0.371875 0.984375 0.0546875 0.0296875
0 0.72578125 0.84609375 0.0421875 0.0203125
0 0.77421875 0.87265625 0.0640625 0.06796875
0 0.6828125 0.90625 0.0859375 0.06171875
0 0.746875 0.95703125 0.03125 0.01953125
0 0.7015625 0.978125 0.0734375 0.0390625
0 0.8484375 0.6421875 0.0296875 0.028125
0 0.93828125 0.65078125 0.02890625 0.02265625
0 0.9125 0.7078125 0.05078125 0.021875
0 0.86171875 0.765625 0.0375 0.0484375
0 0.9203125 0.8171875 0.0359375 0.0234375
0 0.96328125 0.540625 0.0375 0.02890625
0 0.971875 0.4546875 0.05625 0.0375
0 0.9671875 0.41328125 0.04765625 0.0171875
0 0.79453125 0.50390625 0.0296875 0.02109375
0 0.83359375 0.52578125 0.025 0.01953125
0 0.80078125 0.10703125 0.04921875 0.0390625
0 0.46796875 0.21015625 0.065625 0.075
0 0.62890625 0.13828125 0.04765625 0.02265625