0 0.28984375 0.484375 0.06328125 0.0859375
0 0.26640625 0.40625 0.0265625 0.05703125
0 0.36875 0.29375 0.02265625 0.034375
0 0.3875 0.33984375 0.0328125 0.0578125
0 0.4171875 0.22578125 0.03203125 0.03671875
0 0.425 0.18359375 0.03515625 0.0421875
0 0.54921875 0.28203125 0.0484375 0.06953125
0 0.5796875 0.1859375 0.053125 0.0609375
0 0.31171875 0.165625 0.053125 0.05625
0 0.2421875 0.29296875 0.0359375 0.05234375
0 0.234375 0.23984375 0.0453125 0.05390625
0 0.21953125 0.17578125 0.05625 0.06796875
0 0.215625 0.11640625 0.0421875 0.0390625
0 0.2046875 0.07578125 0.05234375 0.04140625
0 0.2 0.028125 0.06171875 0.05625
0 0.2671875 0.0375 0.028125 0.03828125
0 0.0953125 0.03984375 0.0578125 0.0796875
0 0.01484375 0.11328125 0.0296875 0.0546875
0 0.0203125 0.0578125 0.040625 0.0515625
0 0.02578125 0.01328125 0.05078125 0.0265625
0 0.009375 0.240625 0.01875 0.065625
0 0.01015625 0.1828125 0.01953125 0.04609375
0 0.05390625 0.23671875 0.02578125 0.0421875
0 0.01640625 0.359375 0.03203125 0.05859375
0 0.01796875 0.43671875 0.03515625 0.06640625
0 0.1328125 0.4625 0.03359375 0.05078125
0 0.0328125 0.54453125 0.06328125 0.1109375
0 0.071875 0.67109375 0.084375 0.10703125
0 0.24609375 0.7421875 0.046875 0.0671875
0 0.27578125 0.8953125 0.065625 0.09296875
0 0.1875 0.9421875 0.040625 0.06484375
0 0.228125 0.9859375 0.02265625 0.028125
0 0.10078125 0.79296875 0.0328125 0.0421875
0 0.13046875 0.83515625 0.03203125 0.05078125
0 0.02890625 0.95859375 0.05703125 0.078125
0 0.35390625 0.928125 0.0234375 0.0515625
0 0.41484375 0.95703125 0.06875 0.0859375
0 0.49296875 0.86953125 0.040625 0.07265625
0 0.39375 0.871875 0.05 0.0515625
0 0.3671875 0.79921875 0.0375 0.05390625
0 0.34140625 0.66953125 0.09140625 0.16484375
0 0.2609375 0.6 0.025 0.040625
0 0.45546875 0.0109375 0.01875 0.02109375
0 0.49140625 0.08125 0.06484375 0.12734375
0 0.6359375 0.65234375 0.04609375 0.12109375
0 0.56328125 0.53046875 0.03828125 0.0453125
0 0.68359375 0.925 0.040625 0.07734375
0 0.7125 0.92109375 0.01640625 0.028125
0 0.753125 0.92421875 0.03984375 0.06328125
0 0.75859375 0.790625 0.0609375 0.059375
0 0.6890625 0.84453125 0.0234375 0.04375
0 0.72109375 0.82734375 0.034375 0.05234375
0 0.6625 0.8046875 0.028125 0.0328125
0 0.928125 0.95546875 0.0359375 0.08828125
0 0.94453125 0.88203125 0.05 0.05078125
0 0.85078125 0.91484375 0.03828125 0.034375
0 0.98515625 0.77578125 0.0296875 0.06171875
0 0.940625 0.77265625 0.04609375 0.071875
0 0.93359375 0.6859375 0.0453125 0.09140625
0 0.9140625 0.571875 0.05546875 0.06875
0 0.89375 0.4828125 0.0625 0.0875
0 0.85859375 0.40078125 0.02890625 0.03671875
0 0.846875 0.340625 0.03671875 0.06875
0 0.82578125 0.25 0.059375 0.09140625
0 0.78515625 0.1984375 0.03125 0.06171875
0 0.77421875 0.14140625 0.04921875 0.05
0 0.75390625 0.08046875 0.053125 0.05546875
0 0.721875 0.0234375 0.05234375 0.046875
0 0.8734375 0.009375 0.01796875 0.01796875
0 0.9140625 0.04140625 0.0546875 0.0484375
0 0.9421875 0.09921875 0.0546875 0.06875
0 0.978125 0.159375 0.04375 0.05625
0 0.9890625 0.2390625 0.021875 0.096875
0 0.98828125 0.02265625 0.0234375 0.04453125