0 0.365625 0.3734375 0.0640625 0.03125
0 0.23046875 0.371875 0.06796875 0.03515625
0 0.1484375 0.23671875 0.07421875 0.034375
0 0.17578125 0.31953125 0.06953125 0.071875
0 0.1265625 0.4125 0.0609375 0.06796875
0 0.0609375 0.484375 0.059375 0.02890625
0 0.0296875 0.56484375 0.059375 0.09140625
0 0.46875 0.59609375 0.14921875 0.0578125
0 0.78359375 0.60078125 0.059375 0.03359375
0 0.8546875 0.59609375 0.08828125 0.04375
0 0.94140625 0.61484375 0.07890625 0.046875
0 0.878125 0.715625 0.08203125 0.0578125
0 0.578125 0.8 0.05390625 0.034375
0 0.63515625 0.78828125 0.07421875 0.02734375
0 0.15625 0.7765625 0.11171875 0.04296875
0 0.03046875 0.7515625 0.0609375 0.040625
0 0.87265625 0.76875 0.17265625 0.0484375
0 0.52734375 0.9546875 0.11484375 0.046875
0 0.4640625 0.06171875 0.06015625 0.03125
0 0.45390625 0.0296875 0.040625 0.0234375
0 0.47109375 0.18828125 0.0515625 0.03984375
0 0.225 0.17734375 0.06640625 0.02578125
0 0.634375 0.1796875 0.0703125 0.04296875
0 0.76640625 0.046875 0.06015625 0.03203125
0 0.871875 0.03046875 0.04765625 0.0359375
0 0.78359375 0.4125 0.03828125 0.0234375
0 0.8859375 0.42578125 0.06328125 0.028125
0 0.94921875 0.45234375 0.02890625 0.01796875
0 0.68359375 0.95390625 0.1 0.05234375