0 0.03203125 0.7609375 0.0640625 0.0625
0 0.13515625 0.7625 0.08984375 0.07109375
0 0.0625 0.90859375 0.05 0.04296875
0 0.1203125 0.91796875 0.05703125 0.03203125
0 0.2140625 0.91953125 0.04921875 0.03828125
0 0.21640625 0.7921875 0.05703125 0.03203125
0 0.2515625 0.7703125 0.05234375 0.0375
0 0.30078125 0.77734375 0.0640625 0.06015625
0 0.37109375 0.7765625 0.05703125 0.034375
0 0.43046875 0.77109375 0.0921875 0.05
0 0.51015625 0.76875 0.05625 0.04140625
0 0.5625 0.75390625 0.1 0.05546875
0 0.65546875 0.76328125 0.0765625 0.04609375
0 0.73515625 0.74765625 0.0859375 0.05546875
0 0.02265625 0.53671875 0.04453125 0.0375
0 0.09921875 0.54765625 0.09453125 0.05390625
0 0.20390625 0.5453125 0.1015625 0.04296875
0 0.678125 0.49296875 0.12578125 0.08515625
0 0.28984375 0.55078125 0.0765625 0.05
0 0.4015625 0.54921875 0.13828125 0.0515625
0 0.46953125 0.51328125 0.0375 0.01875
0 0.5265625 0.54609375 0.08828125 0.0359375
0 0.43984375 0.4328125 0.03671875 0.02109375
0 0.49609375 0.43359375 0.03359375 0.021875
0 0.54375 0.43125 0.034375 0.02109375
0 0.22734375 0.3109375 0.04765625 0.0375
0 0.28203125 0.296875 0.0609375 0.0546875
0 0.3515625 0.30234375 0.04453125 0.0453125
0 0.40625 0.30703125 0.05234375 0.0453125
0 0.45859375 0.29609375 0.03828125 0.01953125
0 0.48046875 0.31640625 0.03125 0.015625
0 0.5078125 0.328125 0.03125 0.01875
0 0.56484375 0.32265625 0.05703125 0.03515625
0 0.625 0.32421875 0.06796875 0.0421875
0 0.2890625 0.10859375 0.05390625 0.0296875
0 0.38671875 0.1078125 0.0703125 0.03359375
0 0.475 0.12109375 0.0421875 0.03046875
0 0.51953125 0.12890625 0.04296875 0.03203125
0 0.58046875 0.125 0.05078125 0.04375
0 0.58203125 0.02890625 0.1140625 0.0578125
0 0.73984375 0.01015625 0.0640625 0.0203125
0 0.80390625 0.02265625 0.059375 0.034375
0 0.853125 0.0484375 0.04921875 0.04609375
0 0.70234375 0.3265625 0.0734375 0.046875
0 0.63984375 0.54609375 0.10546875 0.0375
0 0.75234375 0.54375 0.0828125 0.0484375
0 0.81640625 0.540625 0.0375 0.02578125
0 0.875 0.534375 0.09140625 0.03984375
0 0.80703125 0.7328125 0.0625 0.03828125
0 0.853125 0.71953125 0.03203125 0.02890625
0 0.8875 0.72109375 0.03984375 0.034375
0 0.921875 0.70546875 0.03203125 0.0375
0 0.9609375 0.69765625 0.05078125 0.02421875
0 0.28125 0.93125 0.0578125 0.02578125
0 0.334375 0.9328125 0.0453125 0.02421875
0 0.37890625 0.9296875 0.04453125 0.0234375
0 0.45078125 0.928125 0.07421875 0.02421875
0 0.53125 0.925 0.028125 0.01640625
0 0.55703125 0.91171875 0.02109375 0.01875
0 0.603125 0.9109375 0.0296875 0.0203125
0 0.63046875 0.92109375 0.02734375 0.01640625
0 0.65390625 0.9140625 0.0171875 0.01171875
0 0.70625 0.89921875 0.03515625 0.0265625
0 0.75 0.8890625 0.0484375 0.04375
0 0.79921875 0.86953125 0.03984375 0.02265625
0 0.84375 0.85546875 0.06328125 0.03515625
0 0.9125 0.83515625 0.0515625 0.025
0 0.96171875 0.53671875 0.0765625 0.03671875
0 0.67578125 0.14609375 0.0609375 0.03671875
0 0.73046875 0.1515625 0.0484375 0.028125
0 0.11171875 0.11015625 0.07421875 0.0359375
0 0.23515625 0.96875 0.02734375 0.01171875