0 0.01640625 0.9578125 0.0328125 0.084375
0 0.14140625 0.9671875 0.0234375 0.0484375
0 0.1875 0.96875 0.06015625 0.0625
0 0.153125 0.8609375 0.06484375 0.1359375
0 0.1125 0.70546875 0.0609375 0.09453125
0 0.09765625 0.6125 0.0625 0.0734375
0 0.10703125 0.5453125 0.09375 0.0609375
0 0.07734375 0.478125 0.0578125 0.07109375
0 0.09765625 0.3796875 0.0578125 0.1109375
0 0.10625 0.190625 0.0578125 0.09765625
0 0.11875 0.059375 0.04296875 0.071875
0 0.13828125 0.00703125 0.02734375 0.0140625
0 0.40703125 0.95234375 0.0578125 0.07578125
0 0.39609375 0.85546875 0.04765625 0.0796875
0 0.38125 0.7734375 0.0671875 0.08203125
0 0.3828125 0.68828125 0.0515625 0.078125
0 0.43671875 0.515625 0.0859375 0.1640625
0 0.3640625 0.553125 0.0546875 0.1109375
0 0.35625 0.45703125 0.05390625 0.071875
0 0.36640625 0.37265625 0.05703125 0.08515625
0 0.42890625 0.37890625 0.0390625 0.06875
0 0.3578125 0.3140625 0.0359375 0.0265625
0 0.34921875 0.22421875 0.05859375 0.10390625
0 0.44765625 0.2328125 0.05625 0.10859375
0 0.35234375 0.1515625 0.04921875 0.05078125
0 0.34921875 0.08828125 0.05625 0.05703125
0 0.35625 0.028125 0.06328125 0.05546875
0 0.5984375 0.02890625 0.08203125 0.0578125
0 0.62890625 0.121875 0.0625 0.1046875
0 0.5984375 0.26953125 0.03515625 0.053125
0 0.64921875 0.28828125 0.03515625 0.04375
0 0.66875 0.36328125 0.05078125 0.08359375
0 0.65390625 0.4546875 0.04765625 0.10390625
0 0.69609375 0.4734375 0.0203125 0.03828125
0 0.7515625 0.39609375 0.03046875 0.0453125
0 0.7421875 0.64375 0.03828125 0.075
0 0.6625 0.6875 0.06328125 0.084375
0 0.659375 0.7609375 0.0453125 0.06953125
0 0.66953125 0.83828125 0.04921875 0.06796875
0 0.66953125 0.92890625 0.0578125 0.07578125
0 0.6671875 0.98515625 0.03984375 0.0296875
0 0.6140625 0.97734375 0.059375 0.0453125
0 0.71640625 0.95546875 0.02734375 0.04375
0 0.82890625 0.92734375 0.02578125 0.03828125
0 0.85625 0.9671875 0.040625 0.065625
0 0.91875 0.95703125 0.04453125 0.05546875
0 0.92734375 0.79921875 0.04765625 0.05625
0 0.8671875 0.87734375 0.04140625 0.046875
0 0.84375 0.81796875 0.0515625 0.0546875
0 0.88359375 0.7578125 0.04296875 0.1109375
0 0.83046875 0.72109375 0.0328125 0.02578125
0 0.7671875 0.8390625 0.04765625 0.06640625
0 0.81953125 0.60625 0.02734375 0.07265625
0 0.89453125 0.60390625 0.04375 0.08125
0 0.8859375 0.45703125 0.04765625 0.125
0 0.88671875 0.34921875 0.0515625 0.05078125
0 0.98671875 0.31640625 0.0265625 0.05
0 0.85625 0.22890625 0.0296875 0.04375
0 0.821875 0.16953125 0.0296875 0.04140625
0 0.825 0.1140625 0.03359375 0.04453125
0 0.809375 0.04765625 0.03359375 0.04765625
0 0.88359375 0.10625 0.025 0.05
0 0.96875 0.06953125 0.046875 0.05703125
0 0.9421875 0.02265625 0.0375 0.0453125
0 0.85703125 0.0109375 0.02109375 0.02109375
0 0.96796875 0.20390625 0.040625 0.04921875
0 0.9921875 0.1421875 0.015625 0.034375