0 0.0546875 0.9703125 0.04609375 0.059375
0 0.04609375 0.903125 0.053125 0.05859375
0 0.0421875 0.8203125 0.065625 0.09140625
0 0.05859375 0.675 0.06796875 0.1078125
0 0.04609375 0.57578125 0.034375 0.0546875
0 0.06875 0.515625 0.053125 0.07109375
0 0.09453125 0.43359375 0.05 0.08203125
0 0.12109375 0.32421875 0.06328125 0.11328125
0 0.1796875 0.33046875 0.034375 0.04140625
0 0.20625 0.4375 0.02421875 0.04453125
0 0.12421875 0.215625 0.02578125 0.046875
0 0.1515625 0.146875 0.053125 0.08359375
0 0.13984375 0.0859375 0.08203125 0.06015625
0 0.103125 0.021875 0.06171875 0.04375
0 0.0109375 0.05546875 0.01953125 0.03828125
0 0.021875 0.01328125 0.04375 0.0265625
0 0.22734375 0.0375 0.07421875 0.05546875
0 0.27734375 0.11640625 0.090625 0.0671875
0 0.33671875 0.38828125 0.06875 0.09296875
0 0.35546875 0.54453125 0.1296875 0.15703125
0 0.303125 0.66328125 0.06640625 0.0984375
0 0.28203125 0.76796875 0.07890625 0.1203125
0 0.28828125 0.8703125 0.05625 0.0765625
0 0.2703125 0.9578125 0.06796875 0.084375
0 0.35546875 0.8859375 0.07421875 0.1578125
0 0.3890625 0.16171875 0.09140625 0.16328125
0 0.4125 0.03984375 0.06953125 0.07890625
0 0.5453125 0.9640625 0.040625 0.071875
0 0.565625 0.87890625 0.0609375 0.11484375
0 0.59375 0.75859375 0.05625 0.0953125
0 0.61171875 0.6265625 0.071875 0.12421875
0 0.62734375 0.50859375 0.05546875 0.103125
0 0.65546875 0.403125 0.06015625 0.0890625
0 0.65859375 0.3171875 0.05703125 0.078125
0 0.67734375 0.2390625 0.0640625 0.0765625
0 0.68984375 0.13671875 0.053125 0.11953125
0 0.70546875 0.021875 0.05078125 0.04375
0 0.78984375 0.02421875 0.08125 0.0484375
0 0.81796875 0.1 0.02109375 0.02578125
0 0.8546875 0.10625 0.03671875 0.04609375
0 0.90390625 0.03828125 0.053125 0.0765625
0 0.925 0.19921875 0.05390625 0.06875
0 0.91640625 0.125 0.03984375 0.040625
0 0.928125 0.2625 0.05703125 0.05234375
0 0.903125 0.525 0.15390625 0.3125
0 0.92109375 0.3296875 0.05703125 0.0765625
0 0.83203125 0.72578125 0.03984375 0.07890625
0 0.821875 0.821875 0.0453125 0.07109375
0 0.82265625 0.89140625 0.07734375 0.059375
0 0.7921875 0.96171875 0.05 0.07109375
0 0.953125 0.96640625 0.0515625 0.0671875
0 0.98515625 0.88984375 0.02890625 0.10625