0 0.8125 0.61796875 0.10078125 0.059375
0 0.6765625 0.65703125 0.06015625 0.03515625
0 0.39140625 0.51875 0.040625 0.02265625
0 0.32109375 0.52109375 0.06796875 0.040625
0 0.2265625 0.52890625 0.03828125 0.02734375
0 0.26640625 0.509375 0.05859375 0.0421875
0 0.40546875 0.35546875 0.05390625 0.03203125
0 0.6875 0.403125 0.05390625 0.02734375
0 0.16015625 0.2671875 0.07890625 0.05390625
0 0.221875 0.26875 0.05 0.0421875
0 0.27734375 0.27109375 0.0609375 0.03828125
0 0.3328125 0.275 0.03359375 0.025
0 0.37265625 0.26640625 0.05390625 0.03984375
0 0.434375 0.26328125 0.065625 0.04375
0 0.54921875 0.2765625 0.125 0.04921875
0 0.6359375 0.33359375 0.1359375 0.05625
0 0.68359375 0.28671875 0.1390625 0.0546875
0 0.13359375 0.06875 0.096875 0.04921875
0 0.23046875 0.05703125 0.09765625 0.05703125
0 0.33046875 0.05546875 0.0953125 0.0546875
0 0.41640625 0.0578125 0.07890625 0.046875
0 0.47890625 0.075 0.02265625 0.01796875
0 0.54296875 0.08046875 0.0640625 0.04296875
0 0.66953125 0.090625 0.09375 0.04921875
0 0.7453125 0.1140625 0.08203125 0.04453125
0 0.5765625 0.0234375 0.1015625 0.04296875
0 0.8140625 0.084375 0.06171875 0.0265625
0 0.8078125 0.009375 0.0640625 0.01875
0 0.86171875 0.02890625 0.0703125 0.0390625
0 0.59296875 0.52265625 0.13828125 0.046875
0 0.703125 0.521875 0.11171875 0.05703125
0 0.80234375 0.5234375 0.08359375 0.0578125
0 0.89140625 0.52109375 0.1 0.05546875
0 0.96328125 0.51796875 0.0734375 0.05625
0 0.946875 0.6875 0.08359375 0.0421875
0 0.87734375 0.70703125 0.06015625 0.05390625
0 0.8 0.7078125 0.07578125 0.03203125
0 0.6953125 0.72890625 0.15390625 0.06953125
0 0.3578125 0.7578125 0.10078125 0.040625
0 0.57734375 0.7390625 0.046875 0.025
0 0.25859375 0.75546875 0.0625 0.06796875
0 0.18828125 0.75390625 0.08828125 0.0484375
0 0.11328125 0.7484375 0.07421875 0.05234375
0 0.0359375 0.73828125 0.071875 0.0546875
0 0.1296875 0.81640625 0.10234375 0.06796875
0 0.5390625 0.84453125 0.1140625 0.046875
0 0.615625 0.80546875 0.06796875 0.03828125
0 0.475 0.871875 0.0578125 0.025
0 0.8765625 0.80078125 0.08359375 0.0609375
0 0.9265625 0.83515625 0.0234375 0.0421875
0 0.8921875 0.8484375 0.0234375 0.02109375
0 0.86484375 0.8625 0.0484375 0.03828125
0 0.81875 0.8796875 0.0640625 0.05234375
0 0.74453125 0.90234375 0.0609375 0.03828125
0 0.76640625 0.83359375 0.046875 0.025
0 0.60390625 0.96953125 0.14765625 0.0609375
0 0.58671875 0.92265625 0.059375 0.0296875
0 0.5203125 0.93984375 0.0453125 0.0234375
0 0.46953125 0.93671875 0.053125 0.03671875
0 0.3140625 0.9515625 0.07421875 0.034375
0 0.24140625 0.946875 0.06640625 0.03828125
0 0.17578125 0.94375 0.0671875 0.03984375
0 0.08515625 0.934375 0.10625 0.04765625