0 0.04453125 0.49375 0.05625 0.06328125
0 0.021875 0.40703125 0.0390625 0.075
0 0.00546875 0.321875 0.0109375 0.07421875
0 0.05703125 0.1671875 0.04765625 0.06640625
0 0.0515625 0.05546875 0.03671875 0.04765625
0 0.1171875 0.075 0.03671875 0.0390625
0 0.0234375 0.8703125 0.046875 0.078125
0 0.07734375 0.9484375 0.0515625 0.06484375
0 0.11640625 0.9875 0.0203125 0.025
0 0.14765625 0.7 0.0640625 0.05625
0 0.153125 0.75625 0.025 0.03203125
0 0.19375 0.7890625 0.05078125 0.08828125
0 0.26484375 0.86640625 0.07578125 0.0984375
0 0.23515625 0.7953125 0.02421875 0.05546875
0 0.36484375 0.978125 0.0421875 0.04375
0 0.52890625 0.89453125 0.06171875 0.0734375
0 0.14296875 0.0203125 0.0578125 0.040625
0 0.17734375 0.0765625 0.0546875 0.06171875
0 0.19453125 0.12421875 0.0421875 0.03359375
0 0.23359375 0.178125 0.06484375 0.075
0 0.26953125 0.24140625 0.06875 0.090625
0 0.32265625 0.32578125 0.0765625 0.09140625
0 0.3765625 0.4484375 0.1 0.109375
0 0.41953125 0.53828125 0.06796875 0.0734375
0 0.4765625 0.63125 0.04296875 0.06875
0 0.5078125 0.696875 0.04921875 0.06875
0 0.54453125 0.759375 0.0421875 0.07734375
0 0.565625 0.81171875 0.03671875 0.07578125
0 0.58984375 0.84453125 0.05078125 0.09140625
0 0.62890625 0.896875 0.03203125 0.10625
0 0.67421875 0.903125 0.04609375 0.090625
0 0.66484375 0.81796875 0.05234375 0.0515625
0 0.67734375 0.9765625 0.06171875 0.046875
0 0.584375 0.5921875 0.04296875 0.09453125
0 0.6734375 0.65390625 0.03515625 0.05234375
0 0.5234375 0.26953125 0.0859375 0.10546875
0 0.4171875 0.16875 0.0625 0.09375
0 0.31875 0.084375 0.04453125 0.0546875
0 0.5703125 0.0734375 0.06015625 0.09765625
0 0.62421875 0.17578125 0.0484375 0.0453125
0 0.60546875 0.14375 0.03125 0.0296875
0 0.65234375 0.246875 0.06796875 0.10234375
0 0.7078125 0.33515625 0.0328125 0.05234375
0 0.7265625 0.17734375 0.04765625 0.07109375
0 0.78125 0.17890625 0.03671875 0.05546875
0 0.80859375 0.53984375 0.1125 0.17421875
0 0.88046875 0.71015625 0.09140625 0.15625
0 0.94765625 0.871875 0.08671875 0.0734375
0 0.96171875 0.78046875 0.05234375 0.1015625
0 0.97734375 0.9609375 0.04453125 0.06015625
0 0.96171875 0.60078125 0.03984375 0.0640625
0 0.9546875 0.38203125 0.046875 0.0875
0 0.97421875 0.29140625 0.0515625 0.0890625
0 0.93359375 0.21875 0.0515625 0.0515625
0 0.8921875 0.15546875 0.08515625 0.06328125
0 0.85078125 0.10234375 0.046875 0.04453125
0 0.765625 0.01640625 0.02109375 0.0296875
0 0.81484375 0.04921875 0.06171875 0.07109375
0 0.96875 0.021875 0.0625 0.04375
0 0.9875 0.07109375 0.025 0.0421875