0 0.459375 0.4484375 0.09453125 0.0453125
0 0.609375 0.46796875 0.0515625 0.02734375
0 0.31640625 0.45625 0.08828125 0.0546875
0 0.24140625 0.4515625 0.07578125 0.04765625
0 0.14765625 0.45234375 0.1078125 0.03828125
0 0.0203125 0.45078125 0.040625 0.040625
0 0.3046875 0.4 0.0375 0.0375
0 0.34609375 0.340625 0.08515625 0.08203125
0 0.175 0.23125 0.096875 0.0421875
0 0.2546875 0.23984375 0.05078125 0.034375
0 0.2984375 0.23671875 0.0375 0.0359375
0 0.37890625 0.23828125 0.08515625 0.0625
0 0.40234375 0.17578125 0.071875 0.03984375
0 0.41328125 0.13984375 0.078125 0.034375
0 0.42734375 0.10625 0.05859375 0.03359375
0 0.4484375 0.06953125 0.06875 0.03828125
0 0.4765625 0.01953125 0.0734375 0.0390625
0 0.53046875 0.06875 0.10078125 0.04296875
0 0.29921875 0.05546875 0.10078125 0.05
0 0.1921875 0.02265625 0.05859375 0.0421875
0 0.18125 0.0625 0.09921875 0.0328125
0 0.103125 0.06796875 0.03203125 0.0328125
0 0.1296875 0.125 0.065625 0.0515625
0 0.484375 0.24296875 0.10859375 0.04453125
0 0.5953125 0.25234375 0.10546875 0.046875
0 0.690625 0.26640625 0.07734375 0.0328125
0 0.7609375 0.275 0.05625 0.03046875
0 0.69375 0.4703125 0.10234375 0.04375
0 0.79375 0.4734375 0.10234375 0.04140625
0 0.8765625 0.47265625 0.06171875 0.0234375
0 0.27578125 0.5578125 0.11875 0.05390625
0 0.27578125 0.62265625 0.07109375 0.02890625
0 0.275 0.59609375 0.0640625 0.02265625
0 0.2703125 0.6515625 0.06953125 0.02890625
0 0.240625 0.7078125 0.1296875 0.04765625
0 0.25859375 0.67734375 0.06171875 0.02109375
0 0.053125 0.67890625 0.10625 0.04609375
0 0.25625 0.78828125 0.07109375 0.02890625
0 0.2453125 0.7625 0.05703125 0.0234375
0 0.24921875 0.83828125 0.05625 0.06328125
0 0.36171875 0.69765625 0.06796875 0.04375
0 0.4390625 0.69453125 0.0953125 0.0375
0 0.53671875 0.6890625 0.109375 0.04765625
0 0.63828125 0.68359375 0.07890625 0.03515625
0 0.73359375 0.6765625 0.1125 0.04140625
0 0.81640625 0.66875 0.0484375 0.03046875
0 0.86171875 0.66640625 0.03828125 0.03125
0 0.90859375 0.659375 0.05703125 0.0375
0 0.96640625 0.646875 0.0515625 0.03359375
0 0.93984375 0.80390625 0.03046875 0.03828125
0 0.903125 0.809375 0.040625 0.03203125
0 0.865625 0.8234375 0.03984375 0.028125
0 0.81875 0.8375 0.05390625 0.0390625
0 0.74765625 0.8578125 0.090625 0.03984375
0 0.6765625 0.87265625 0.0609375 0.040625
0 0.60625 0.875 0.0734375 0.04140625
0 0.95859375 0.47421875 0.0828125 0.03828125
0 0.690625 0.1015625 0.0828125 0.046875
0 0.76875 0.1171875 0.0546875 0.04140625
0 0.76796875 0.01171875 0.0828125 0.02265625
0 0.84921875 0.02578125 0.08046875 0.0515625
0 0.52109375 0.89140625 0.1015625 0.0484375
0 0.421875 0.89375 0.0875 0.0421875
0 0.31875 0.9015625 0.090625 0.0484375
0 0.2453125 0.90625 0.059375 0.07890625
0 0.18046875 0.903125 0.0734375 0.04765625
0 0.07265625 0.890625 0.09765625 0.06484375
0 0.690625 0.9859375 0.146875 0.028125