0 0.49140625 0.35 0.04296875 0.02578125
0 0.4234375 0.359375 0.02421875 0.02109375
0 0.36796875 0.3671875 0.05625 0.0203125
0 0.3171875 0.37265625 0.025 0.01953125
0 0.40234375 0.3125 0.0328125 0.028125
0 0.55 0.346875 0.0640625 0.028125
0 0.61953125 0.33984375 0.05390625 0.02890625
0 0.675 0.3359375 0.05234375 0.025
0 0.7171875 0.32890625 0.03125 0.01953125
0 0.74453125 0.3328125 0.0171875 0.0203125
0 0.7703125 0.328125 0.02890625 0.02421875
0 0.85546875 0.37109375 0.0234375 0.01875
0 0.90703125 0.38828125 0.02578125 0.021875
0 0.5859375 0.47890625 0.0734375 0.0515625
0 0.70078125 0.46875 0.0265625 0.021875
0 0.7609375 0.4578125 0.05 0.02109375
0 0.80859375 0.45 0.0390625 0.0265625
0 0.84921875 0.44296875 0.040625 0.0203125
0 0.890625 0.43203125 0.05234375 0.0265625
0 0.92734375 0.42578125 0.02421875 0.0203125
0 0.95390625 0.42265625 0.03046875 0.02265625
0 0.9796875 0.41953125 0.021875 0.025
0 0.98046875 0.3890625 0.0328125 0.01328125
0 0.95625 0.46171875 0.02578125 0.015625
0 0.8625 0.471875 0.03125 0.01328125
0 0.92421875 0.49921875 0.02578125 0.009375
0 0.87890625 0.52109375 0.0390625 0.0125
0 0.8203125 0.54453125 0.0296875 0.01484375
0 0.72265625 0.50390625 0.01953125 0.0140625
0 0.9796875 0.528125 0.028125 0.01796875
0 0.95859375 0.53984375 0.0296875 0.01875
0 0.9203125 0.5546875 0.04140625 0.0296875
0 0.8796875 0.5625 0.03671875 0.03046875
0 0.8453125 0.56875 0.0359375 0.02734375
0 0.81015625 0.58046875 0.0421875 0.02421875
0 0.78671875 0.5953125 0.04140625 0.01953125
0 0.82109375 0.62421875 0.021875 0.0140625
0 0.72265625 0.61796875 0.04296875 0.03046875
0 0.73046875 0.671875 0.05234375 0.0453125
0 0.9640625 0.6703125 0.0296875 0.021875
0 0.9390625 0.68671875 0.040625 0.01953125
0 0.90703125 0.7015625 0.0328125 0.01640625
0 0.88203125 0.71484375 0.03828125 0.021875
0 0.840625 0.73125 0.04921875 0.025
0 0.78984375 0.75390625 0.05390625 0.03046875
0 0.75703125 0.771875 0.03046875 0.02578125
0 0.71484375 0.78515625 0.0390625 0.02890625
0 0.684375 0.79609375 0.0375 0.015625
0 0.64921875 0.80390625 0.03046875 0.01796875
0 0.60625 0.821875 0.05234375 0.0328125
0 0.54921875 0.8375 0.06875 0.02890625
0 0.4921875 0.8515625 0.046875 0.028125
0 0.4421875 0.8640625 0.0578125 0.0375
0 0.628125 0.63203125 0.04453125 0.0234375
0 0.503125 0.665625 0.0890625 0.040625
0 0.4515625 0.67265625 0.0296875 0.01796875
0 0.37890625 0.6953125 0.07109375 0.02734375
0 0.30390625 0.7046875 0.07734375 0.04609375
0 0.2484375 0.7140625 0.0359375 0.01875
0 0.20625 0.72578125 0.05703125 0.03203125
0 0.15703125 0.7359375 0.04609375 0.02578125
0 0.07890625 0.69453125 0.0515625 0.02578125
0 0.11953125 0.7421875 0.0453125 0.02578125
0 0.07109375 0.7453125 0.0625 0.028125
0 0.009375 0.75390625 0.01875 0.01875
0 0.21953125 0.52265625 0.0453125 0.021875
0 0.18984375 0.55390625 0.075 0.02265625
0 0.1 0.571875 0.08359375 0.0234375
0 0.0328125 0.58515625 0.065625 0.0359375
0 0.35234375 0.52109375 0.025 0.021875
0 0.4234375 0.50859375 0.05078125 0.02734375
0 0.215625 0.38984375 0.08359375 0.0328125
0 0.12109375 0.40859375 0.05703125 0.02734375
0 0.125 0.3796875 0.0203125 0.01875
0 0.02734375 0.428125 0.0546875 0.02265625
0 0.16640625 0.2625 0.03515625 0.01640625
0 0.2359375 0.2484375 0.0359375 0.0234375
0 0.30390625 0.2421875 0.06328125 0.0296875
0 0.365625 0.23125 0.0328125 0.02421875
0 0.41328125 0.2328125 0.0734375 0.02734375
0 0.76953125 0.26953125 0.0265625 0.01875
0 0.8140625 0.265625 0.0296875 0.02265625
0 0.53125 0.22421875 0.0265625 0.01015625
0 0.565625 0.22109375 0.025 0.01328125
0 0.60703125 0.221875 0.040625 0.02109375
0 0.68046875 0.24765625 0.03203125 0.021875
0 0.6625 0.21953125 0.034375 0.0171875
0 0.70390625 0.22109375 0.021875 0.01953125
0 0.74765625 0.2203125 0.028125 0.0234375
0 0.50078125 0.18984375 0.01796875 0.01484375
0 0.54609375 0.20390625 0.01953125 0.015625
0 0.60859375 0.1875 0.0203125 0.0140625
0 0.721875 0.190625 0.03203125 0.015625
0 0.765625 0.1890625 0.0375 0.01953125
0 0.81953125 0.1453125 0.0375 0.01484375
0 0.7875 0.14140625 0.02109375 0.0140625
0 0.73984375 0.1328125 0.04140625 0.0203125
0 0.68828125 0.128125 0.046875 0.01796875
0 0.69765625 0.0875 0.05 0.0375
0 0.61015625 0.0765625 0.03515625 0.021875
0 0.60703125 0.103125 0.01953125 0.01484375
0 0.6125 0.12578125 0.0234375 0.01875
0 0.521875 0.121875 0.05859375 0.01953125
0 0.46875 0.1203125 0.03671875 0.02109375
0 0.42734375 0.12578125 0.04609375 0.02734375
0 0.35078125 0.12734375 0.04921875 0.02265625
0 0.29140625 0.13203125 0.07890625 0.034375
0 0.284375 0.10078125 0.0234375 0.01953125
0 0.18984375 0.14609375 0.065625 0.02578125
0 0.15859375 0.1234375 0.04140625 0.0234375
0 0.8421875 0.090625 0.03046875 0.01484375
0 0.815625 0.0859375 0.0234375 0.01640625
0 0.7765625 0.07265625 0.04921875 0.01875
0 0.73203125 0.06328125 0.02890625 0.01328125
0 0.6796875 0.0578125 0.04375 0.02109375
0 0.6359375 0.04921875 0.0421875 0.02421875
0 0.5890625 0.04453125 0.04375 0.021875
0 0.7921875 0.02109375 0.03125 0.03125
0 0.83828125 0.02421875 0.01875 0.009375
0 0.83125 0.03828125 0.01875 0.0078125
0 0.85546875 0.04375 0.02109375 0.01328125
0 0.88828125 0.05078125 0.0296875 0.01640625
0 0.88359375 0.01875 0.009375 0.009375
0 0.6921875 0.003125 0.0328125 0.00625
0 0.52265625 0.009375 0.02578125 0.00859375
0 0.5078125 0.04140625 0.0328125 0.01875
0 0.55546875 0.0453125 0.02265625 0.01640625
0 0.43671875 0.03984375 0.06796875 0.0234375
0 0.346875 0.04140625 0.07109375 0.021875
0 0.2796875 0.04140625 0.05234375 0.025
0 0.23671875 0.05 0.02890625 0.02109375
0 0.19140625 0.05859375 0.0359375 0.021875
0 0.140625 0.06640625 0.0390625 0.02109375
0 0.10390625 0.07890625 0.03046875 0.02421875
0 0.41875 0.915625 0.03046875 0.03046875
0 0.3625 0.88046875 0.05390625 0.02890625
0 0.321875 0.8921875 0.02421875 0.01875
0 0.27265625 0.9015625 0.0671875 0.02578125
0 0.19375 0.9109375 0.0765625 0.0390625
0 0.12109375 0.91953125 0.04296875 0.03046875
0 0.08125 0.9265625 0.04375 0.03203125
0 0.04375 0.92421875 0.02890625 0.02890625
0 0.55234375 0.93046875 0.0328125 0.03203125
0 0.609375 0.965625 0.046875 0.0359375
0 0.50546875 0.98671875 0.071875 0.0265625