0 0.278125 0.11796875 0.08203125 0.03671875
0 0.35546875 0.11484375 0.07109375 0.04296875
0 0.39296875 0.0109375 0.06015625 0.02109375
0 0.19375 0.07578125 0.08671875 0.0359375
0 0.18828125 0.03984375 0.12265625 0.028125
0 0.21015625 0.0109375 0.05859375 0.02109375
0 0.56953125 0.03515625 0.0578125 0.02734375
0 0.734375 0.06796875 0.04140625 0.0421875
0 0.309375 0.18125 0.1265625 0.0453125
0 0.43984375 0.18671875 0.15390625 0.03828125
0 0.62265625 0.209375 0.0921875 0.0328125
0 0.396875 0.3921875 0.084375 0.05
0 0.29140625 0.4046875 0.11953125 0.04296875
0 0.77890625 0.42578125 0.134375 0.04453125
0 0.87265625 0.4390625 0.04609375 0.02265625
0 0.90703125 0.4375 0.05 0.04765625
0 0.96171875 0.440625 0.0765625 0.03046875
0 0.54609375 0.62109375 0.09375 0.046875
0 0.4171875 0.62421875 0.0921875 0.03984375
0 0.30703125 0.62265625 0.1109375 0.05
0 0.2 0.62109375 0.08671875 0.04453125
0 0.11484375 0.61015625 0.0640625 0.03671875
0 0.04453125 0.61484375 0.0890625 0.05546875
0 0.90078125 0.61796875 0.0828125 0.05234375
0 0.965625 0.6078125 0.06875 0.0421875
0 0.01328125 0.80625 0.0265625 0.04296875
0 0.0671875 0.81796875 0.08203125 0.05234375
0 0.2046875 0.8328125 0.10390625 0.03828125
0 0.2984375 0.83125 0.07109375 0.03984375
0 0.36875 0.83046875 0.05390625 0.034375
0 0.440625 0.8296875 0.05703125 0.0421875
0 0.54609375 0.72734375 0.1734375 0.1234375
0 0.51640625 0.83046875 0.078125 0.0375
0 0.628125 0.81796875 0.0625 0.03125
0 0.68046875 0.803125 0.04140625 0.02421875
0 0.73515625 0.8046875 0.046875 0.040625
0 0.77734375 0.78359375 0.04375 0.04765625
0 0.8296875 0.79609375 0.0671875 0.0421875
0 0.9125 0.7734375 0.11640625 0.07265625
0 0.37421875 0.9875 0.10390625 0.025
0 0.21484375 0.98125 0.05625 0.02265625
0 0.146875 0.965625 0.04609375 0.0359375
0 0.08359375 0.9640625 0.0953125 0.03671875