0 0.39140625 0.62421875 0.04453125 0.021875
0 0.534375 0.653125 0.06484375 0.02734375
0 0.53515625 0.7125 0.0484375 0.0296875
0 0.609375 0.7078125 0.05546875 0.03203125
0 0.2921875 0.66328125 0.05390625 0.03125
0 0.346875 0.690625 0.0890625 0.03828125
0 0.38515625 0.72109375 0.071875 0.03203125
0 0.57890625 0.80703125 0.05234375 0.03515625
0 0.503125 0.77421875 0.10546875 0.03984375
0 0.4328125 0.74140625 0.1203125 0.046875
0 0.6359375 0.82578125 0.0390625 0.025
0 0.684375 0.8515625 0.0734375 0.04453125
0 0.07734375 0.74765625 0.05078125 0.03671875
0 0.0359375 0.7 0.03671875 0.02421875
0 0.09609375 0.69375 0.04609375 0.02734375
0 0.10703125 0.79921875 0.06953125 0.05078125
0 0.18125 0.83125 0.06640625 0.0546875
0 0.47421875 0.825 0.05625 0.0265625
0 0.2546875 0.88046875 0.090625 0.04296875
0 0.37890625 0.8578125 0.04765625 0.0375
0 0.33203125 0.91796875 0.065625 0.0359375
0 0.41171875 0.9484375 0.08984375 0.04375
0 0.525 0.97734375 0.11875 0.0453125
0 0.0765625 0.96328125 0.07734375 0.06171875
0 0.92421875 0.74140625 0.09140625 0.0734375
0 0.83125 0.68515625 0.0578125 0.040625
0 0.784375 0.64375 0.103125 0.04296875
0 0.70703125 0.6 0.0734375 0.04296875
0 0.6234375 0.5578125 0.08046875 0.0421875
0 0.57265625 0.51953125 0.0703125 0.03203125
0 0.515625 0.5 0.06015625 0.0421875
0 0.47734375 0.4765625 0.0453125 0.0234375
0 0.4359375 0.4546875 0.103125 0.05078125
0 0.3640625 0.415625 0.06328125 0.02890625
0 0.26796875 0.3609375 0.08984375 0.03984375
0 0.19140625 0.30390625 0.1171875 0.0703125
0 0.684375 0.34296875 0.084375 0.03828125
0 0.7453125 0.37734375 0.08671875 0.03515625
0 0.784375 0.40859375 0.0515625 0.02421875
0 0.8546875 0.45078125 0.0984375 0.05546875
0 0.90703125 0.50546875 0.04765625 0.01796875
0 0.95703125 0.534375 0.0859375 0.04296875
0 0.57578125 0.2640625 0.04375 0.03359375
0 0.51640625 0.234375 0.08359375 0.0390625
0 0.4546875 0.2015625 0.078125 0.034375
0 0.37421875 0.1515625 0.05625 0.03359375
0 0.3171875 0.12265625 0.0765625 0.03984375
0 0.47421875 0.0421875 0.05546875 0.02890625
0 0.2609375 0.08984375 0.06953125 0.02734375
0 0.228125 0.06640625 0.06796875 0.02734375
0 0.184375 0.04375 0.0546875 0.02109375
0 0.13671875 0.0203125 0.059375 0.0359375
0 0.72421875 0.009375 0.053125 0.01796875
0 0.746875 0.0203125 0.0375 0.02109375
0 0.7875 0.05078125 0.07109375 0.04765625
0 0.86015625 0.015625 0.0734375 0.03125
0 0.03203125 0.5046875 0.046875 0.03359375
0 0.0203125 0.5421875 0.040625 0.0421875