0 0.18984375 0.33359375 0.06875 0.04296875
0 0.2890625 0.3328125 0.08515625 0.04375
0 0.42109375 0.28203125 0.04609375 0.01875
0 0.38984375 0.33671875 0.11328125 0.05390625
0 0.734375 0.2671875 0.1 0.0421875
0 0.534375 0.3578125 0.17890625 0.0953125
0 0.6640625 0.34140625 0.0828125 0.05234375
0 0.7265625 0.34375 0.046875 0.04375
0 0.8375 0.3640625 0.0546875 0.02734375
0 0.95078125 0.37578125 0.04765625 0.03125
0 0.60703125 0.0703125 0.078125 0.0375
0 0.209375 0.05078125 0.0921875 0.0484375
0 0.58359375 0.009375 0.0453125 0.01875
0 0.63828125 0.0078125 0.05078125 0.015625
0 0.6828125 0.0140625 0.034375 0.0234375
0 0.72109375 0.02421875 0.04296875 0.0265625
0 0.77421875 0.0328125 0.05078125 0.03125
0 0.82109375 0.0546875 0.0359375 0.028125
0 0.85546875 0.0359375 0.05859375 0.04375
0 0.12109375 0.1171875 0.05 0.04296875
0 0.17109375 0.125 0.04375 0.03828125
0 0.22890625 0.1265625 0.046875 0.03203125
0 0.303125 0.12421875 0.07578125 0.05078125
0 0.36484375 0.12265625 0.046875 0.04765625
0 0.43515625 0.1265625 0.07578125 0.05078125
0 0.5375 0.13515625 0.053125 0.04453125
0 0.59296875 0.140625 0.059375 0.04296875
0 0.65390625 0.15234375 0.0421875 0.0484375
0 0.69453125 0.15703125 0.05078125 0.04296875
0 0.75078125 0.1640625 0.0546875 0.046875
0 0.8765625 0.48828125 0.053125 0.0484375
0 0.97890625 0.45 0.0421875 0.025
0 0.02890625 0.58828125 0.04140625 0.02734375
0 0.09375 0.58984375 0.0453125 0.03125
0 0.15703125 0.590625 0.08671875 0.04609375
0 0.3 0.5796875 0.0296875 0.0203125
0 0.38046875 0.58671875 0.115625 0.0484375
0 0.496875 0.57734375 0.03828125 0.02890625
0 0.57109375 0.5734375 0.0765625 0.0390625
0 0.68203125 0.56796875 0.07890625 0.0296875
0 0.7828125 0.56796875 0.1046875 0.03359375
0 0.87890625 0.5625 0.0828125 0.05
0 0.96015625 0.55078125 0.0765625 0.03515625
0 0.93125 0.71328125 0.0765625 0.03671875
0 0.865625 0.7296875 0.0578125 0.0390625
0 0.79453125 0.75 0.04296875 0.03125
0 0.71953125 0.7703125 0.09765625 0.04375
0 0.646875 0.78359375 0.06015625 0.03515625
0 0.51640625 0.79765625 0.090625 0.03828125
0 0.42578125 0.8046875 0.06328125 0.046875
0 0.36875 0.8046875 0.053125 0.03515625
0 0.30625 0.8125 0.0640625 0.05
0 0.25390625 0.8109375 0.04453125 0.03984375
0 0.20625 0.81484375 0.04921875 0.0453125
0 0.9 0.86171875 0.0640625 0.0328125
0 0.83125 0.8890625 0.05546875 0.03828125
0 0.771875 0.91875 0.0609375 0.0390625
0 0.69296875 0.9359375 0.071875 0.03671875
0 0.63828125 0.9484375 0.06796875 0.04296875
0 0.584375 0.959375 0.04296875 0.03203125
0 0.39140625 0.98515625 0.075 0.0296875
0 0.3296875 0.98359375 0.06015625 0.0328125
0 0.27109375 0.98203125 0.059375 0.03515625
0 0.20625 0.9828125 0.0703125 0.03359375
0 0.07265625 0.978125 0.06171875 0.040625
0 0.134375 0.9828125 0.06171875 0.034375
0 0.046875 0.7578125 0.09375 0.065625
0 0.015625 0.8046875 0.03046875 0.0265625
0 0.0625 0.81328125 0.05546875 0.04765625
0 0.13046875 0.3828125 0.04765625 0.025