0 0.0375 0.05625 0.07421875 0.06484375
0 0.14375 0.096875 0.07421875 0.0765625
0 0.23125 0.12265625 0.0765625 0.07734375
0 0.36484375 0.17734375 0.034375 0.0625
0 0.4375 0.23671875 0.05625 0.07421875
0 0.57890625 0.33359375 0.0953125 0.12421875
0 0.8140625 0.5609375 0.059375 0.06953125
0 0.95234375 0.6859375 0.05703125 0.09765625
0 0.953125 0.275 0.0765625 0.08203125
0 0.8703125 0.2125 0.09140625 0.09609375
0 0.778125 0.13515625 0.05859375 0.08046875
0 0.72734375 0.08125 0.03203125 0.040625
0 0.6625 0.034375 0.07421875 0.0640625
0 0.54609375 0.01640625 0.05703125 0.0328125
0 0.88984375 0.0234375 0.06328125 0.04609375
0 0.06796875 0.259375 0.04453125 0.0734375
0 0.1609375 0.2828125 0.03515625 0.05546875
0 0.17890625 0.53515625 0.11875 0.1484375
0 0.0859375 0.43046875 0.06484375 0.125
0 0.0234375 0.38515625 0.046875 0.0921875
0 0.2015625 0.92421875 0.071875 0.0828125
0 0.1265625 0.86484375 0.06484375 0.1046875
0 0.03515625 0.78359375 0.06875 0.128125
0 0.3640625 0.690625 0.0421875 0.10703125
0 0.42109375 0.7515625 0.0375 0.08046875
0 0.4703125 0.75859375 0.0359375 0.08125
0 0.50859375 0.80234375 0.040625 0.08671875
0 0.5484375 0.946875 0.0890625 0.078125
0 0.6296875 0.88671875 0.06328125 0.0734375
0 0.7203125 0.91484375 0.06484375 0.0796875
0 0.89609375 0.9734375 0.18515625 0.053125