0 0.11796875 0.84921875 0.05859375 0.034375
0 0.03359375 0.85078125 0.053125 0.0546875
0 0.05859375 0.80703125 0.0421875 0.03203125
0 0.0296875 0.76953125 0.04609375 0.02109375
0 0.1015625 0.95703125 0.0828125 0.0640625
0 0.45546875 0.6359375 0.04453125 0.0296875
0 0.11484375 0.5953125 0.06015625 0.02578125
0 0.46953125 0.66640625 0.06015625 0.01875
0 0.42578125 0.69453125 0.08828125 0.04375
0 0.39765625 0.75234375 0.0453125 0.0390625
0 0.49375 0.76015625 0.0859375 0.03984375
0 0.5234375 0.725 0.06171875 0.0234375
0 0.56328125 0.62109375 0.07734375 0.0515625
0 0.51015625 0.56015625 0.0671875 0.0609375
0 0.3234375 0.49453125 0.05546875 0.03359375
0 0.38203125 0.38515625 0.0671875 0.04296875
0 0.478125 0.3953125 0.05859375 0.028125
0 0.58984375 0.45390625 0.0703125 0.03984375
0 0.565625 0.49296875 0.0875 0.04140625
0 0.6375 0.4109375 0.1140625 0.03671875
0 0.6453125 0.36796875 0.05703125 0.04921875
0 0.46953125 0.20078125 0.0859375 0.0375
0 0.45078125 0.23359375 0.0546875 0.025
0 0.43515625 0.1703125 0.053125 0.025
0 0.25234375 0.02890625 0.09140625 0.040625
0 0.1203125 0.0421875 0.04921875 0.028125
0 0.17109375 0.02578125 0.0453125 0.0359375
0 0.20390625 0.08125 0.078125 0.0546875
0 0.16796875 0.1328125 0.08203125 0.03125
0 0.1421875 0.184375 0.08359375 0.06328125
0 0.90390625 0.40078125 0.0578125 0.04609375
0 0.94765625 0.4359375 0.06875 0.03828125
0 0.9765625 0.4765625 0.03828125 0.03046875
0 0.8859375 0.4609375 0.07421875 0.04609375
0 0.74375 0.41484375 0.05859375 0.0328125
0 0.75625 0.52265625 0.0578125 0.0375
0 0.84609375 0.53203125 0.0546875 0.02890625
0 0.98671875 0.5421875 0.02578125 0.0296875
0 0.81328125 0.60078125 0.08203125 0.06171875
0 0.71875 0.60078125 0.07265625 0.04140625
0 0.8484375 0.76953125 0.0390625 0.0296875
0 0.8859375 0.76796875 0.0484375 0.0375
0 0.7765625 0.7859375 0.07734375 0.04765625
0 0.70703125 0.76875 0.05390625 0.0453125
0 0.675 0.82109375 0.06953125 0.05546875
0 0.6125 0.8859375 0.08125 0.059375
0 0.75 0.87734375 0.0453125 0.0296875