0 0.053125 0.709375 0.0328125 0.0515625
0 0.10625 0.6734375 0.0296875 0.03203125
0 0.05625 0.7828125 0.0453125 0.05078125
0 0.06015625 0.8640625 0.0453125 0.08984375
0 0.05234375 0.953125 0.05234375 0.0828125
0 0.02578125 0.10234375 0.0515625 0.0734375
0 0.0421875 0.05390625 0.03046875 0.02265625
0 0.0796875 0.00859375 0.02421875 0.0171875
0 0.128125 0.5890625 0.05390625 0.06796875
0 0.13515625 0.53828125 0.03828125 0.034375
0 0.1578125 0.50546875 0.040625 0.0484375
0 0.14453125 0.4578125 0.02890625 0.0328125
0 0.159375 0.4203125 0.03984375 0.03359375
0 0.15625 0.37109375 0.04453125 0.04453125
0 0.184375 0.271875 0.05234375 0.06796875
0 0.20859375 0.20078125 0.0484375 0.06640625
0 0.2296875 0.13203125 0.0484375 0.065625
0 0.26796875 0.07109375 0.04921875 0.046875
0 0.3015625 0.98046875 0.0421875 0.0359375
0 0.28984375 0.8234375 0.04375 0.06484375
0 0.36484375 0.9375 0.06328125 0.08984375
0 0.3359375 0.86484375 0.0421875 0.05
0 0.3125 0.9234375 0.0421875 0.059375
0 0.340625 0.7921875 0.03984375 0.0546875
0 0.36328125 0.73046875 0.05859375 0.07421875
0 0.3734375 0.6703125 0.05 0.05
0 0.38984375 0.62578125 0.04765625 0.04609375
0 0.40703125 0.54140625 0.04375 0.0625
0 0.41328125 0.48359375 0.05859375 0.059375
0 0.42265625 0.40859375 0.02578125 0.03828125
0 0.4515625 0.3640625 0.03203125 0.05859375
0 0.48515625 0.26484375 0.05234375 0.1
0 0.515625 0.18125 0.03359375 0.03828125
0 0.484375 0.115625 0.0734375 0.0890625
0 0.54453125 0.0890625 0.04453125 0.08203125
0 0.51015625 0.90390625 0.05703125 0.08046875
0 0.57890625 0.97734375 0.03046875 0.0375
0 0.6203125 0.89140625 0.04609375 0.053125
0 0.65234375 0.8171875 0.03046875 0.05546875
0 0.66015625 0.7484375 0.040625 0.04140625
0 0.68359375 0.7203125 0.025 0.03515625
0 0.70234375 0.64453125 0.0546875 0.06171875
0 0.73203125 0.55546875 0.04140625 0.065625
0 0.7140625 0.48046875 0.05859375 0.0859375
0 0.7515625 0.4546875 0.03203125 0.04375
0 0.75546875 0.41171875 0.03828125 0.0390625
0 0.76875 0.37265625 0.03359375 0.04296875
0 0.77890625 0.30078125 0.0359375 0.05703125
0 0.78359375 0.24609375 0.03828125 0.05703125
0 0.69140625 0.115625 0.0921875 0.1546875
0 0.66640625 0.01328125 0.0625 0.0234375
0 0.8046875 0.10859375 0.03671875 0.059375
0 0.821875 0.0203125 0.03125 0.040625
0 0.86875 0.06640625 0.05234375 0.06171875
0 0.8671875 0.4578125 0.06640625 0.11640625
0 0.95078125 0.6453125 0.03359375 0.05
0 0.9234375 0.73984375 0.02109375 0.0421875
0 0.89375 0.8421875 0.02890625 0.046875
0 0.91328125 0.7859375 0.01953125 0.0296875
0 0.9796875 0.8171875 0.02265625 0.03984375
0 0.9921875 0.8859375 0.015625 0.065625
0 0.98125 0.4515625 0.02890625 0.03203125
0 0.990625 0.02734375 0.01875 0.0546875
0 0.97109375 0.1171875 0.05546875 0.05625
0 0.99453125 0.0796875 0.0109375 0.03125
0 0.921875 0.25859375 0.04609375 0.05703125