0 0.77734375 0.01484375 0.12265625 0.0296875
0 0.84765625 0.0421875 0.084375 0.02890625
0 0.14921875 0.04375 0.11171875 0.04296875
0 0.27265625 0.04453125 0.08203125 0.03828125
0 0.3453125 0.04765625 0.06171875 0.040625
0 0.42109375 0.0578125 0.0609375 0.04375
0 0.48515625 0.06015625 0.075 0.0515625
0 0.54375 0.08515625 0.06171875 0.06796875
0 0.60390625 0.08203125 0.06875 0.05
0 0.659375 0.08671875 0.04296875 0.03828125
0 0.70703125 0.103125 0.05703125 0.04453125
0 0.69375 0.16640625 0.053125 0.02890625
0 0.7640625 0.12578125 0.0671875 0.04609375
0 0.71953125 0.2765625 0.115625 0.04765625
0 0.5921875 0.25859375 0.09296875 0.0484375
0 0.50625 0.2484375 0.07265625 0.03671875
0 0.440625 0.2578125 0.0625 0.06171875
0 0.375 0.23671875 0.06796875 0.0421875
0 0.3 0.2359375 0.09140625 0.071875
0 0.33828125 0.29140625 0.0625 0.040625
0 0.25390625 0.1703125 0.06328125 0.03515625
0 0.18203125 0.3328125 0.0625 0.0296875
0 0.1125 0.40390625 0.04375 0.0234375
0 0.5375 0.4171875 0.059375 0.03125
0 0.796875 0.4578125 0.1296875 0.07109375
0 0.040625 0.5125 0.065625 0.046875
0 0.11328125 0.52421875 0.0640625 0.03984375
0 0.1703125 0.51171875 0.0421875 0.0234375
0 0.21015625 0.5125 0.04296875 0.02890625
0 0.4578125 0.53046875 0.084375 0.04375
0 0.378125 0.5265625 0.06328125 0.0421875
0 0.309375 0.525 0.07265625 0.0453125
0 0.57890625 0.5234375 0.10703125 0.04140625
0 0.67421875 0.51640625 0.08046875 0.071875
0 0.75078125 0.53359375 0.06640625 0.03828125
0 0.03046875 0.6140625 0.0609375 0.06484375
0 0.165625 0.66328125 0.07109375 0.0375
0 0.440625 0.6140625 0.08984375 0.04453125
0 0.6515625 0.58671875 0.04140625 0.0171875
0 0.571875 0.62109375 0.0671875 0.03359375
0 0.6484375 0.640625 0.11796875 0.075
0 0.96640625 0.5296875 0.05859375 0.034375
0 0.85703125 0.5390625 0.0890625 0.0421875
0 0.86484375 0.584375 0.0703125 0.0359375
0 0.8078125 0.59765625 0.0421875 0.02265625
0 0.76796875 0.65703125 0.065625 0.04921875
0 0.96328125 0.62578125 0.0578125 0.07265625
0 0.9515625 0.696875 0.0703125 0.0359375
0 0.87890625 0.7046875 0.084375 0.03125
0 0.82109375 0.72421875 0.1015625 0.04296875
0 0.7234375 0.7296875 0.0578125 0.0328125
0 0.64140625 0.73359375 0.0734375 0.0375
0 0.5125 0.75078125 0.14140625 0.040625
0 0.40703125 0.7453125 0.06171875 0.0296875
0 0.32890625 0.75546875 0.0859375 0.05078125
0 0.2375 0.75234375 0.08984375 0.05078125
0 0.15859375 0.7390625 0.04296875 0.028125
0 0.09921875 0.7375 0.0546875 0.02734375
0 0.0328125 0.7390625 0.05703125 0.0390625
0 0.83359375 0.86875 0.059375 0.0265625
0 0.87734375 0.8515625 0.05078125 0.02421875
0 0.9140625 0.83203125 0.04453125 0.02265625
0 0.7625 0.88359375 0.078125 0.03984375
0 0.70390625 0.89921875 0.05234375 0.04296875
0 0.6515625 0.9125 0.08671875 0.0453125
0 0.5984375 0.925 0.075 0.0359375
0 0.5109375 0.92421875 0.09609375 0.046875
0 0.39609375 0.94453125 0.08515625 0.034375
0 0.31484375 0.9453125 0.078125 0.0375
0 0.24296875 0.93125 0.0734375 0.0296875
0 0.1703125 0.9265625 0.06484375 0.0359375
0 0.1046875 0.91953125 0.0578125 0.040625
0 0.04140625 0.909375 0.05859375 0.0390625