0 0.53671875 0.37578125 0.06171875 0.04140625
0 0.77578125 0.41953125 0.04453125 0.03125
0 0.715625 0.35 0.0515625 0.0421875
0 0.67578125 0.30703125 0.12890625 0.03828125
0 0.565625 0.290625 0.065625 0.0359375
0 0.50078125 0.2890625 0.06484375 0.0296875
0 0.4265625 0.29140625 0.05859375 0.03359375
0 0.36640625 0.28125 0.0640625 0.0390625
0 0.284375 0.28046875 0.1 0.04765625
0 0.17578125 0.27734375 0.1109375 0.04609375
0 0.96796875 0.5296875 0.0640625 0.04296875
0 0.884375 0.52421875 0.0890625 0.046875
0 0.8 0.53046875 0.0921875 0.040625
0 0.696875 0.53125 0.12890625 0.04453125
0 0.86953125 0.6171875 0.096875 0.05
0 0.76484375 0.65390625 0.04453125 0.02421875
0 0.8671875 0.70234375 0.05546875 0.02890625
0 0.921875 0.70078125 0.05859375 0.03203125
0 0.96953125 0.69140625 0.04609375 0.03125
0 0.76875 0.72109375 0.14375 0.06484375
0 0.48359375 0.7609375 0.115625 0.04375
0 0.38515625 0.75625 0.06171875 0.05859375
0 0.3046875 0.7515625 0.10078125 0.03828125
0 0.22109375 0.753125 0.0671875 0.04609375
0 0.1640625 0.740625 0.04453125 0.0359375
0 0.1046875 0.75 0.071875 0.0578125
0 0.03359375 0.7296875 0.0671875 0.040625
0 0.22421875 0.82421875 0.084375 0.06484375
0 0.62578125 0.83359375 0.08671875 0.0640625
0 0.7046875 0.79921875 0.06171875 0.0421875
0 0.9265625 0.7921875 0.071875 0.05546875
0 0.88828125 0.85703125 0.09140625 0.06796875
0 0.8078125 0.88671875 0.084375 0.0375
0 0.66171875 0.96640625 0.159375 0.0671875
0 0.66796875 0.9140625 0.08203125 0.02890625
0 0.58125 0.9265625 0.0890625 0.0390625
0 0.41484375 0.953125 0.07890625 0.0375
0 0.32421875 0.94609375 0.0875 0.040625
0 0.2421875 0.946875 0.07265625 0.04140625
0 0.1546875 0.94765625 0.10390625 0.0515625
0 0.05703125 0.92421875 0.0625 0.040625
0 0.3671875 0.534375 0.04609375 0.0328125
0 0.40859375 0.521875 0.04609375 0.0421875
0 0.45703125 0.52890625 0.071875 0.03125
0 0.5203125 0.52734375 0.03515625 0.0265625
0 0.29609375 0.52578125 0.05703125 0.03125
0 0.196875 0.525 0.14765625 0.04453125
0 0.06484375 0.525 0.12890625 0.04921875
0 0.015625 0.43984375 0.03125 0.03515625
0 0.1515625 0.396875 0.06796875 0.06015625
0 0.6671875 0.0609375 0.0953125 0.0484375
0 0.75546875 0.1359375 0.071875 0.04375
0 0.64765625 0.1171875 0.06796875 0.0328125
0 0.59296875 0.1140625 0.0234375 0.0171875
0 0.53671875 0.09453125 0.0609375 0.0453125
0 0.47734375 0.0921875 0.03984375 0.03828125
0 0.42109375 0.0796875 0.05859375 0.04375
0 0.3546875 0.07734375 0.07734375 0.046875
0 0.275 0.08046875 0.078125 0.04140625
0 0.19453125 0.08203125 0.08046875 0.03515625
0 0.1171875 0.08515625 0.0703125 0.05234375
0 0.290625 0.0140625 0.1171875 0.02734375
0 0.1265625 0.02109375 0.03515625 0.01875
0 0.70390625 0.0375 0.0359375 0.015625
0 0.7609375 0.0109375 0.04453125 0.02109375
0 0.8 0.01953125 0.040625 0.02890625
0 0.84453125 0.0390625 0.053125 0.0359375
0 0.878125 0.0171875 0.03203125 0.0234375
0 0.83125 0.821875 0.0359375 0.021875