0 0.2046875 0.959375 0.06953125 0.08046875
0 0.234375 0.88359375 0.0484375 0.0609375
0 0.23359375 0.7828125 0.0453125 0.06484375
0 0.2546875 0.7203125 0.0515625 0.06015625
0 0.27578125 0.63671875 0.0328125 0.0421875
0 0.2984375 0.60078125 0.03046875 0.04296875
0 0.303125 0.53125 0.0421875 0.05859375
0 0.2703125 0.43203125 0.05078125 0.0765625
0 0.02109375 0.14765625 0.04140625 0.08125
0 0.00625 0.00859375 0.0125 0.0171875
0 0.053125 0.06640625 0.06328125 0.0609375
0 0.1 0.01171875 0.0375 0.0234375
0 0.0078125 0.77265625 0.01484375 0.15859375
0 0.0171875 0.66171875 0.034375 0.053125
0 0.0265625 0.59140625 0.03359375 0.0390625
0 0.02890625 0.51640625 0.03828125 0.0703125
0 0.078125 0.54921875 0.02421875 0.03359375
0 0.046875 0.45625 0.05 0.096875
0 0.084375 0.3921875 0.04375 0.07578125
0 0.13046875 0.33046875 0.0578125 0.09453125
0 0.1671875 0.246875 0.05234375 0.05859375
0 0.21328125 0.19140625 0.0484375 0.07578125
0 0.21875 0.13203125 0.0265625 0.0421875
0 0.253125 0.0421875 0.05625 0.084375
0 0.3234375 0.49375 0.046875 0.05078125
0 0.3328125 0.43984375 0.0484375 0.0640625
0 0.37109375 0.37109375 0.04296875 0.05390625
0 0.365625 0.31484375 0.0625 0.06328125
0 0.40234375 0.2375 0.065625 0.08046875
0 0.43125 0.159375 0.065625 0.08515625
0 0.465625 0.08828125 0.05546875 0.0546875
0 0.484375 0.04296875 0.05 0.040625
0 0.5109375 0.0140625 0.04609375 0.025
0 0.49140625 0.96953125 0.05859375 0.05859375
0 0.51015625 0.89921875 0.05 0.09375
0 0.53828125 0.81796875 0.04453125 0.07109375
0 0.56875 0.74453125 0.04609375 0.0734375
0 0.54765625 0.68125 0.04375 0.05703125
0 0.59765625 0.665625 0.05234375 0.0734375
0 0.60859375 0.58515625 0.03671875 0.06953125
0 0.62890625 0.52734375 0.04609375 0.0609375
0 0.6515625 0.46484375 0.09609375 0.07109375
0 0.65703125 0.36484375 0.05 0.11875
0 0.715625 0.25 0.08125 0.1203125
0 0.7390625 0.146875 0.0625 0.0828125
0 0.74921875 0.0625 0.0421875 0.07578125
0 0.7703125 0.01328125 0.02578125 0.02265625
0 0.6390625 0.02265625 0.02578125 0.0359375
0 0.85390625 0.0859375 0.03125 0.0265625
0 0.8484375 0.03359375 0.03671875 0.03984375
0 0.8609375 0.2015625 0.0921875 0.128125
0 0.69609375 0.93203125 0.0203125 0.0328125
0 0.72421875 0.9640625 0.04375 0.071875
0 0.759375 0.984375 0.021875 0.03046875
0 0.76484375 0.9046875 0.05078125 0.08359375
0 0.78125 0.834375 0.0515625 0.065625
0 0.8421875 0.73515625 0.065625 0.071875
0 0.8453125 0.66875 0.05 0.05703125
0 0.87890625 0.6046875 0.0515625 0.078125
0 0.834375 0.45390625 0.04453125 0.0515625
0 0.91015625 0.52265625 0.04921875 0.075
0 0.9234375 0.44453125 0.05625 0.06875
0 0.93125 0.38359375 0.05078125 0.053125
0 0.94140625 0.31484375 0.04375 0.07734375
0 0.95703125 0.23828125 0.0484375 0.06796875
0 0.9546875 0.175 0.03828125 0.06015625
0 0.959375 0.11171875 0.05234375 0.059375
0 0.95859375 0.040625 0.0515625 0.07265625
0 0.9671875 0.5859375 0.04296875 0.0640625
0 0.940625 0.67421875 0.0421875 0.046875
0 0.90703125 0.8 0.040625 0.0375
0 0.91484375 0.75703125 0.0265625 0.0265625
0 0.96875 0.76015625 0.0359375 0.03125
0 0.8265625 0.965625 0.0234375 0.03203125